217.26,486.52,1.5
217.44,486.37,1.5
217.62,486.23,1.5
217.8,486.09,1.5
217.99,485.94,1.5
218.17,485.81,1.5
218.35,485.68,1.5
218.53,485.55,1.5
218.72,485.43,1.5
218.9,485.32,1.5
219.09,485.21,1.5
219.28,485.1,1.5
219.47,484.99,1.5
219.65,484.88,1.5
219.84,484.77,1.5
220.03,484.66,1.5
220.21,484.55,1.5
220.4,484.44,1.5
220.58,484.33,1.5
220.77,484.22,1.5
220.96,484.11,1.5
221.14,484,1.5
221.32,483.88,1.5
221.51,483.77,1.5
221.7,483.65,1.5
221.9,483.54,1.5
222.09,483.42,1.5
222.28,483.3,1.5
222.47,483.16,1.5
222.67,483.03,1.5
222.87,482.9,1.5
223.07,482.77,1.5
223.27,482.63,1.5
223.48,482.5,1.5
223.68,482.36,1.5
223.88,482.23,1.5
224.08,482.1,1.5
224.29,481.97,1.5
224.49,481.85,1.5
224.69,481.72,1.5
224.89,481.59,1.5
225.08,481.46,1.5
225.28,481.35,1.5
225.47,481.23,1.5
225.66,481.11,1.5
225.85,480.98,1.5
226.03,480.87,1.5
226.22,480.75,1.5
226.41,480.64,1.5
226.6,480.53,1.5
226.78,480.42,1.5
226.97,480.31,1.5
227.15,480.2,1.5
227.34,480.09,1.5
227.53,479.99,1.5
227.71,479.88,1.5
227.9,479.77,1.5
228.08,479.66,1.5
228.27,479.56,1.5
228.45,479.45,1.5
228.64,479.34,1.5
228.83,479.24,1.5
229.01,479.14,1.5
229.2,479.03,1.5
229.38,478.92,1.5
229.56,478.82,1.5
229.75,478.71,1.5
229.93,478.6,1.5
230.12,478.49,1.5
230.32,478.38,1.5
230.51,478.27,1.5
230.7,478.16,1.5
230.89,478.05,1.5
231.08,477.95,1.5
231.27,477.84,1.5
231.46,477.72,1.5
231.65,477.59,1.5
231.84,477.46,1.5
232.02,477.32,1.5
232.19,477.18,1.5
232.37,477.04,1.5
232.54,476.9,1.5
232.72,476.77,1.5
232.89,476.62,1.5
233.06,476.48,1.5
233.24,476.34,1.5
233.41,476.2,1.5
233.59,476.08,1.5
233.77,475.95,1.5
233.94,475.81,1.5
234.11,475.67,1.5
234.28,475.53,1.5
234.45,475.41,1.5
234.62,475.29,1.5
234.8,475.18,1.5
234.97,475.08,1.5
235.14,474.98,1.5
235.32,474.88,1.5
235.5,474.78,1.5
235.68,474.68,1.5
235.86,474.59,1.5
236.04,474.48,1.5
236.22,474.37,1.5
236.4,474.26,1.5
236.57,474.15,1.5
236.75,474.05,1.5
236.93,473.95,1.5
237.11,473.84,1.5
237.29,473.73,1.5
237.47,473.61,1.5
237.63,473.47,1.5
237.81,473.33,1.5
237.98,473.17,1.5
238.14,473.01,1.5
238.29,472.85,1.5
238.45,472.7,1.5
238.62,472.56,1.5
238.79,472.43,1.5
238.97,472.31,1.5
239.14,472.2,1.5
239.32,472.09,1.5
239.5,471.98,1.5
239.68,471.87,1.5
239.85,471.78,1.5
240.03,471.69,1.5
240.21,471.6,1.5
240.39,471.5,1.5
240.58,471.4,1.5
240.76,471.28,1.5
240.93,471.16,1.5
241.1,471.03,1.5
241.27,470.91,1.5
241.44,470.79,1.5
241.62,470.66,1.5
241.8,470.53,1.5
241.97,470.39,1.5
242.14,470.25,1.5
242.32,470.13,1.5
242.49,470.02,1.5
242.65,469.9,1.5
242.8,469.76,1.5
242.96,469.63,1.5
243.11,469.51,1.5
243.26,469.38,1.5
243.39,469.24,1.5
243.5,469.08,1.5
243.62,468.94,1.5
243.77,468.8,1.5
243.9,468.67,1.5
244.02,468.53,1.5
244.17,468.42,1.5
244.32,468.32,1.5
244.46,468.21,1.5
244.61,468.09,1.5
244.76,467.97,1.5
244.89,467.83,1.5
245.03,467.68,1.5
245.16,467.54,1.5
245.28,467.4,1.5
245.4,467.26,1.5
245.52,467.12,1.5
245.64,466.98,1.5
245.78,466.88,1.5
245.92,466.77,1.5
246.07,466.67,1.5
246.23,466.58,1.5
246.39,466.49,1.5
246.55,466.41,1.5
246.72,466.34,1.5
246.9,466.26,1.5
247.09,466.18,1.5
247.27,466.07,1.5
247.44,465.95,1.5
247.61,465.84,1.5
247.77,465.75,1.5
247.94,465.66,1.5
248.11,465.58,1.5
248.28,465.51,1.5
248.45,465.45,1.5
248.62,465.39,1.5
248.78,465.33,1.5
248.95,465.27,1.5
249.14,465.2,1.5
249.31,465.14,1.5
249.49,465.07,1.5
249.67,465.01,1.5
249.85,464.93,1.5
250.04,464.86,1.5
250.24,464.77,1.5
250.45,464.69,1.5
250.65,464.62,1.5
250.84,464.55,1.5
251.04,464.49,1.5
251.23,464.42,1.5
251.42,464.35,1.5
251.61,464.29,1.5
251.8,464.23,1.5
251.99,464.16,1.5
252.18,464.08,1.5
252.36,463.99,1.5
252.54,463.9,1.5
252.73,463.8,1.5
252.93,463.7,1.5
253.12,463.6,1.5
253.3,463.49,1.5
253.44,463.34,1.5
253.56,463.18,1.5
253.66,463.02,1.5
253.74,462.87,1.5
253.81,462.72,1.5
253.9,462.59,1.5
254,462.49,1.5
254.13,462.39,1.5
254.27,462.3,1.5
254.4,462.2,1.5
254.53,462.12,1.5
254.66,462.04,1.5
254.78,461.96,1.5
254.91,461.86,1.5
255.04,461.75,1.5
255.16,461.63,1.5
255.31,461.49,1.5
255.47,461.32,1.5
255.64,461.15,1.5
255.81,460.99,1.5
255.97,460.85,1.5
256.11,460.72,1.5
256.26,460.57,1.5
256.41,460.42,1.5
256.57,460.29,1.5
256.74,460.16,1.5
256.91,460.03,1.5
257.07,459.89,1.5
257.22,459.77,1.5
257.38,459.65,1.5
257.53,459.55,1.5
257.67,459.45,1.5
257.8,459.35,1.5
257.93,459.27,1.5
258.05,459.19,1.5
258.18,459.12,1.5
258.31,459.05,1.5
258.46,458.98,1.5
258.61,458.94,1.5
258.77,458.9,1.5
258.93,458.85,1.5
259.1,458.78,1.5
259.28,458.72,1.5
259.46,458.66,1.5
259.65,458.61,1.5
259.83,458.58,1.5
260.01,458.54,1.5
260.19,458.52,1.5
260.37,458.49,1.5
260.55,458.46,1.5
260.75,458.43,1.5
260.95,458.42,1.5
261.16,458.41,1.5
261.37,458.41,1.5
261.57,458.39,1.5
261.77,458.37,1.5
261.98,458.35,1.5
262.19,458.34,1.5
262.41,458.34,1.5
262.63,458.35,1.5
262.84,458.35,1.5
263.04,458.36,1.5
263.24,458.37,1.5
263.46,458.38,1.5
263.68,458.38,1.5
263.91,458.37,1.5
264.11,458.38,1.5
264.31,458.4,1.5
264.5,458.43,1.5
264.69,458.45,1.5
264.88,458.47,1.5
265.08,458.48,1.5
265.28,458.5,1.5
265.46,458.52,1.5
265.66,458.55,1.5
265.86,458.57,1.5
266.06,458.59,1.5
266.26,458.6,1.5
266.46,458.6,1.5
266.67,458.58,1.5
266.88,458.57,1.5
267.07,458.54,1.5
267.26,458.49,1.5
267.45,458.46,1.5
267.64,458.45,1.5
267.83,458.46,1.5
268.02,458.48,1.5
268.21,458.49,1.5
268.4,458.51,1.5
268.59,458.53,1.5
268.79,458.55,1.5
268.99,458.57,1.5
269.2,458.58,1.5
269.4,458.59,1.5
269.6,458.61,1.5
269.8,458.63,1.5
270,458.66,1.5
270.2,458.69,1.5
270.4,458.74,1.5
270.6,458.78,1.5
270.8,458.83,1.5
271.01,458.87,1.5
271.23,458.9,1.5
271.45,458.9,1.5
271.65,458.9,1.5
271.83,458.91,1.5
272,458.93,1.5
272.18,458.94,1.5
272.37,458.95,1.5
272.57,458.96,1.5
272.78,458.96,1.5
273.01,458.97,1.5
273.24,458.98,1.5
273.46,458.99,1.5
273.69,458.99,1.5
273.91,458.98,1.5
274.11,458.96,1.5
274.32,458.96,1.5
274.52,458.95,1.5
274.72,458.95,1.5
274.92,458.93,1.5
275.13,458.91,1.5
275.34,458.9,1.5
275.55,458.89,1.5
275.75,458.88,1.5
275.96,458.85,1.5
276.17,458.82,1.5
276.39,458.8,1.5
276.6,458.78,1.5
276.81,458.78,1.5
277.02,458.79,1.5
277.23,458.81,1.5
277.45,458.82,1.5
277.66,458.84,1.5
277.87,458.85,1.5
278.09,458.87,1.5
278.31,458.87,1.5
278.53,458.88,1.5
278.75,458.89,1.5
278.98,458.9,1.5
279.2,458.91,1.5
279.43,458.9,1.5
279.66,458.9,1.5
279.88,458.89,1.5
280.12,458.87,1.5
280.34,458.86,1.5
280.57,458.85,1.5
280.79,458.84,1.5
281.01,458.85,1.5
281.23,458.85,1.5
281.45,458.85,1.5
281.67,458.86,1.5
281.9,458.87,1.5
282.12,458.88,1.5
282.34,458.9,1.5
282.55,458.93,1.5
282.76,458.96,1.5
282.99,458.98,1.5
283.22,458.99,1.5
283.45,459,1.5
283.68,459.03,1.5
283.9,459.06,1.5
284.12,459.1,1.5
284.35,459.13,1.5
284.57,459.17,1.5
284.79,459.2,1.5
285.02,459.24,1.5
285.24,459.27,1.5
285.47,459.3,1.5
285.7,459.33,1.5
285.93,459.35,1.5
286.16,459.37,1.5
286.4,459.39,1.5
286.63,459.4,1.5
286.87,459.4,1.5
287.1,459.39,1.5
287.34,459.38,1.5
287.58,459.37,1.5
287.81,459.36,1.5
288.05,459.35,1.5
288.28,459.34,1.5
288.52,459.32,1.5
288.75,459.31,1.5
288.99,459.3,1.5
289.22,459.29,1.5
289.46,459.27,1.5
289.7,459.26,1.5
289.93,459.24,1.5
290.17,459.23,1.5
290.4,459.21,1.5
290.65,459.18,1.5
290.89,459.15,1.5
291.14,459.1,1.5
291.38,459.06,1.5
291.63,459.01,1.5
291.88,458.96,1.5
292.13,458.92,1.5
292.37,458.88,1.5
292.61,458.87,1.5
292.85,458.88,1.5
293.08,458.9,1.5
293.31,458.9,1.5
293.54,458.89,1.5
293.76,458.89,1.5
293.98,458.89,1.5
294.2,458.9,1.5
294.42,458.9,1.5
294.64,458.9,1.5
294.87,458.9,1.5
295.09,458.9,1.5
295.31,458.9,1.5
295.54,458.9,1.5
295.76,458.89,1.5
295.99,458.9,1.5
296.21,458.9,1.5
296.44,458.89,1.5
296.67,458.89,1.5
296.89,458.89,1.5
297.12,458.88,1.5
297.35,458.87,1.5
297.58,458.86,1.5
297.81,458.83,1.5
298.05,458.79,1.5
298.28,458.74,1.5
298.51,458.68,1.5
298.75,458.64,1.5
298.98,458.62,1.5
299.22,458.6,1.5
299.45,458.59,1.5
299.69,458.59,1.5
299.92,458.59,1.5
300.16,458.59,1.5
300.39,458.57,1.5
300.62,458.54,1.5
300.85,458.51,1.5
301.07,458.45,1.5
301.27,458.39,1.5
301.47,458.32,1.5
301.66,458.23,1.5
301.84,458.13,1.5
302.01,458.02,1.5
302.17,457.89,1.5
302.32,457.75,1.5
302.47,457.6,1.5
302.61,457.45,1.5
302.74,457.3,1.5
302.88,457.13,1.5
303.01,456.97,1.5
303.14,456.8,1.5
303.27,456.64,1.5
303.39,456.48,1.5
303.52,456.32,1.5
303.65,456.16,1.5
303.78,456,1.5
303.91,455.84,1.5
304.04,455.68,1.5
304.17,455.51,1.5
304.3,455.35,1.5
304.43,455.19,1.5
304.58,455.04,1.5
304.72,454.89,1.5
304.88,454.74,1.5
305.02,454.57,1.5
305.14,454.39,1.5
305.28,454.2,1.5
305.42,454.03,1.5
305.57,453.86,1.5
305.73,453.7,1.5
305.9,453.54,1.5
306.06,453.39,1.5
306.22,453.24,1.5
306.39,453.1,1.5
306.56,452.97,1.5
306.75,452.85,1.5
306.94,452.72,1.5
307.12,452.58,1.5
307.3,452.43,1.5
307.48,452.27,1.5
307.66,452.12,1.5
307.85,451.97,1.5
308.03,451.84,1.5
308.23,451.73,1.5
308.42,451.62,1.5
308.61,451.52,1.5
308.81,451.42,1.5
309.01,451.32,1.5
309.21,451.22,1.5
309.41,451.11,1.5
309.62,451,1.5
309.83,450.88,1.5
310.04,450.75,1.5
310.25,450.61,1.5
310.46,450.46,1.5
310.67,450.3,1.5
310.88,450.15,1.5
311.1,450,1.5
311.31,449.85,1.5
311.52,449.7,1.5
311.73,449.56,1.5
311.94,449.43,1.5
312.15,449.3,1.5
312.37,449.18,1.5
312.59,449.07,1.5
312.8,448.97,1.5
313.02,448.87,1.5
313.24,448.77,1.5
313.46,448.68,1.5
313.68,448.58,1.5
313.9,448.49,1.5
314.12,448.39,1.5
314.34,448.3,1.5
314.56,448.2,1.5
314.78,448.11,1.5
315,448.01,1.5
315.22,447.92,1.5
315.44,447.82,1.5
315.67,447.73,1.5
315.89,447.63,1.5
316.11,447.54,1.5
316.34,447.44,1.5
316.56,447.35,1.5
316.78,447.25,1.5
317,447.16,1.5
317.23,447.06,1.5
317.45,446.97,1.5
317.68,446.87,1.5
317.9,446.78,1.5
318.13,446.68,1.5
318.35,446.56,1.5
318.58,446.44,1.5
318.81,446.31,1.5
319.03,446.19,1.5
319.25,446.08,1.5
319.48,445.98,1.5
319.7,445.88,1.5
319.93,445.79,1.5
320.16,445.69,1.5
320.38,445.6,1.5
320.61,445.51,1.5
320.84,445.41,1.5
321.07,445.32,1.5
321.29,445.23,1.5
321.52,445.14,1.5
321.75,445.04,1.5
321.97,444.95,1.5
322.2,444.86,1.5
322.42,444.77,1.5
322.65,444.68,1.5
322.87,444.59,1.5
323.1,444.5,1.5
323.33,444.41,1.5
323.55,444.32,1.5
323.78,444.22,1.5
324.01,444.12,1.5
324.23,444,1.5
324.45,443.89,1.5
324.68,443.78,1.5
324.9,443.69,1.5
325.13,443.6,1.5
325.36,443.51,1.5
325.59,443.43,1.5
325.81,443.36,1.5
326.04,443.29,1.5
326.26,443.24,1.5
326.48,443.17,1.5
326.7,443.1,1.5
326.91,443.01,1.5
327.13,442.91,1.5
327.34,442.81,1.5
327.56,442.69,1.5
327.77,442.57,1.5
327.97,442.45,1.5
328.19,442.33,1.5
328.4,442.21,1.5
328.62,442.11,1.5
328.84,442.02,1.5
329.07,441.93,1.5
329.3,441.86,1.5
329.54,441.79,1.5
329.77,441.72,1.5
330,441.65,1.5
330.24,441.58,1.5
330.47,441.52,1.5
330.7,441.45,1.5
330.94,441.38,1.5
331.17,441.32,1.5
331.41,441.25,1.5
331.64,441.19,1.5
331.88,441.13,1.5
332.11,441.06,1.5
332.35,441,1.5
332.58,440.93,1.5
332.81,440.86,1.5
333.04,440.78,1.5
333.26,440.68,1.5
333.49,440.6,1.5
333.71,440.53,1.5
333.94,440.47,1.5
334.17,440.43,1.5
334.41,440.39,1.5
334.65,440.36,1.5
334.88,440.3,1.5
335.1,440.21,1.5
335.34,440.18,1.5
335.58,440.17,1.5
335.83,440.17,1.5
336.08,440.17,1.5
336.33,440.15,1.5
336.58,440.14,1.5
336.82,440.15,1.5
337.06,440.17,1.5
337.3,440.19,1.5
337.54,440.22,1.5
337.78,440.26,1.5
338.02,440.29,1.5
338.26,440.33,1.5
338.5,440.36,1.5
338.75,440.38,1.5
339.01,440.4,1.5
339.26,440.41,1.5
339.51,440.42,1.5
339.77,440.44,1.5
340.02,440.45,1.5
340.27,440.48,1.5
340.51,440.51,1.5
340.76,440.55,1.5
341,440.59,1.5
341.24,440.63,1.5
341.48,440.67,1.5
341.72,440.71,1.5
341.96,440.75,1.5
342.21,440.8,1.5
342.45,440.83,1.5
342.7,440.87,1.5
342.94,440.91,1.5
343.19,440.95,1.5
343.44,440.97,1.5
343.68,441,1.5
343.93,441.04,1.5
344.18,441.06,1.5
344.44,441.08,1.5
344.69,441.1,1.5
344.96,441.1,1.5
345.22,441.08,1.5
345.49,441.02,1.5
345.75,440.96,1.5
346,440.9,1.5
346.18,440.87,1.5
346.27,440.96,1.5
346.44,440.96,1.5
346.64,440.86,1.5
346.81,440.7,1.5
346.91,440.48,1.5
347.04,440.28,1.5
347.16,440.08,1.5
347.3,439.89,1.5
347.48,439.73,1.5
347.67,439.59,1.5
347.87,439.45,1.5
348.07,439.31,1.5
348.27,439.17,1.5
348.45,439.03,1.5
348.63,438.88,1.5
348.8,438.74,1.5
348.96,438.6,1.5
349.12,438.45,1.5
349.27,438.3,1.5
349.4,438.16,1.5
349.51,438.02,1.5
349.62,437.9,1.5
349.72,437.79,1.5
349.83,437.7,1.5
349.96,437.6,1.5
350.12,437.5,1.5
350.28,437.4,1.5
350.45,437.29,1.5
350.62,437.16,1.5
350.77,437.01,1.5
350.93,436.86,1.5
351.1,436.71,1.5
351.26,436.54,1.5
351.41,436.37,1.5
351.56,436.19,1.5
351.71,436,1.5
351.82,435.85,1.5
351.97,435.72,1.5
352.17,435.69,1.5
352.37,435.71,1.5
352.59,435.75,1.5
352.81,435.81,1.5
353.03,435.87,1.5
353.26,435.94,1.5
353.48,436.01,1.5
353.7,436.08,1.5
353.93,436.15,1.5
354.15,436.22,1.5
354.37,436.3,1.5
354.59,436.37,1.5
354.82,436.44,1.5
355.04,436.52,1.5
355.26,436.6,1.5
355.48,436.68,1.5
355.7,436.77,1.5
355.92,436.85,1.5
356.13,436.94,1.5
356.35,437.03,1.5
356.57,437.13,1.5
356.78,437.22,1.5
357,437.31,1.5
357.21,437.41,1.5
357.42,437.51,1.5
357.64,437.6,1.5
357.85,437.7,1.5
358.07,437.8,1.5
358.28,437.9,1.5
358.49,438,1.5
358.7,438.1,1.5
358.92,438.2,1.5
359.13,438.3,1.5
359.34,438.41,1.5
359.55,438.51,1.5
359.76,438.61,1.5
359.97,438.71,1.5
360.19,438.81,1.5
360.4,438.92,1.5
360.61,439.02,1.5
360.82,439.13,1.5
361.03,439.23,1.5
361.24,439.33,1.5
361.45,439.44,1.5
361.66,439.54,1.5
361.87,439.65,1.5
362.08,439.75,1.5
362.29,439.86,1.5
362.5,439.96,1.5
362.71,440.07,1.5
362.92,440.17,1.5
363.13,440.28,1.5
363.34,440.39,1.5
363.55,440.49,1.5
363.76,440.6,1.5
363.97,440.7,1.5
364.18,440.81,1.5
364.39,440.92,1.5
364.6,441.02,1.5
364.81,441.13,1.5
365.02,441.24,1.5
365.22,441.35,1.5
365.43,441.45,1.5
365.64,441.56,1.5
365.85,441.67,1.5
366.06,441.78,1.5
366.27,441.88,1.5
366.48,441.99,1.5
366.69,442.1,1.5
366.89,442.21,1.5
367.1,442.31,1.5
367.31,442.42,1.5
367.52,442.53,1.5
367.73,442.64,1.5
367.94,442.75,1.5
368.15,442.86,1.5
368.35,442.96,1.5
368.56,443.07,1.5
368.77,443.18,1.5
368.98,443.29,1.5
369.19,443.4,1.5
369.39,443.51,1.5
369.6,443.62,1.5
369.81,443.73,1.5
370.02,443.84,1.5
370.23,443.95,1.5
370.44,444.05,1.5
370.64,444.16,1.5
370.85,444.27,1.5
371.06,444.38,1.5
371.27,444.49,1.5
371.47,444.6,1.5
371.68,444.71,1.5
371.89,444.82,1.5
372.1,444.93,1.5
372.31,445.04,1.5
372.51,445.15,1.5
372.72,445.26,1.5
372.93,445.37,1.5
373.14,445.48,1.5
373.34,445.59,1.5
373.55,445.7,1.5
373.76,445.81,1.5
373.97,445.92,1.5
374.17,446.03,1.5
374.38,446.14,1.5
374.59,446.25,1.5
374.8,446.36,1.5
375,446.47,1.5
375.21,446.58,1.5
375.42,446.69,1.5
375.63,446.8,1.5
375.83,446.91,1.5
376.04,447.02,1.5
376.25,447.13,1.5
376.46,447.24,1.5
376.66,447.35,1.5
376.87,447.46,1.5
377.08,447.57,1.5
377.28,447.68,1.5
377.49,447.8,1.5
377.7,447.91,1.5
377.91,448.02,1.5
378.11,448.13,1.5
378.32,448.24,1.5
378.53,448.35,1.5
378.73,448.46,1.5
378.94,448.57,1.5
379.15,448.68,1.5
379.36,448.79,1.5
379.56,448.9,1.5
379.77,449.01,1.5
379.98,449.13,1.5
380.18,449.24,1.5
380.39,449.35,1.5
380.6,449.46,1.5
380.81,449.57,1.5
381.01,449.68,1.5
381.22,449.79,1.5
381.43,449.9,1.5
381.63,450.01,1.5
381.84,450.13,1.5
382.05,450.24,1.5
382.25,450.35,1.5
382.46,450.46,1.5
382.67,450.57,1.5
382.88,450.68,1.5
383.08,450.79,1.5
383.29,450.9,1.5
383.5,451.01,1.5
383.7,451.13,1.5
383.91,451.24,1.5
384.12,451.35,1.5
384.32,451.46,1.5
384.53,451.57,1.5
384.74,451.68,1.5
384.94,451.79,1.5
385.15,451.91,1.5
385.36,452.02,1.5
385.56,452.13,1.5
385.77,452.24,1.5
385.98,452.35,1.5
386.18,452.46,1.5
386.43,452.6,1.5
386.64,452.71,1.5
386.85,452.82,1.5
387.05,452.93,1.5
387.26,453.04,1.5
387.47,453.15,1.5
387.67,453.27,1.5
387.88,453.38,1.5
388.09,453.49,1.5
388.29,453.6,1.5
388.5,453.71,1.5
388.71,453.82,1.5
388.91,453.93,1.5
389.12,454.05,1.5
389.33,454.16,1.5
389.53,454.27,1.5
389.74,454.38,1.5
389.95,454.49,1.5
390.15,454.6,1.5
390.36,454.72,1.5
390.57,454.83,1.5
390.77,454.94,1.5
390.98,455.05,1.5
391.19,455.16,1.5
391.39,455.27,1.5
391.6,455.39,1.5
391.81,455.5,1.5
392.01,455.61,1.5
392.22,455.72,1.5
392.43,455.83,1.5
392.63,455.94,1.5
392.84,456.06,1.5
393.05,456.17,1.5
393.25,456.28,1.5
393.46,456.39,1.5
393.67,456.5,1.5
393.87,456.61,1.5
394.08,456.73,1.5
394.29,456.84,1.5
394.49,456.95,1.5
394.7,457.06,1.5
394.91,457.17,1.5
395.11,457.28,1.5
395.32,457.4,1.5
395.53,457.51,1.5
395.73,457.62,1.5
395.94,457.73,1.5
396.15,457.84,1.5
396.35,457.95,1.5
396.56,458.07,1.5
396.77,458.18,1.5
396.97,458.29,1.5
397.18,458.4,1.5
397.39,458.51,1.5
397.59,458.62,1.5
397.8,458.74,1.5
398.01,458.85,1.5
398.21,458.96,1.5
398.42,459.07,1.5
398.63,459.18,1.5
398.83,459.29,1.5
399.04,459.41,1.5
399.25,459.52,1.5
399.45,459.63,1.5
399.66,459.74,1.5
399.87,459.85,1.5
400.07,459.96,1.5
400.28,460.08,1.5
400.49,460.19,1.5
400.7,460.3,1.5
400.9,460.41,1.5
401.11,460.52,1.5
401.32,460.63,1.5
401.52,460.75,1.5
401.73,460.86,1.5
401.94,460.97,1.5
402.14,461.08,1.5
402.35,461.19,1.5
402.56,461.3,1.5
402.76,461.41,1.5
402.97,461.53,1.5
403.18,461.64,1.5
403.38,461.75,1.5
403.59,461.86,1.5
403.8,461.97,1.5
404,462.08,1.5
404.21,462.2,1.5
404.42,462.31,1.5
404.62,462.42,1.5
404.83,462.53,1.5
405.04,462.64,1.5
405.24,462.75,1.5
405.45,462.86,1.5
405.66,462.98,1.5
405.86,463.09,1.5
406.07,463.2,1.5
406.28,463.31,1.5
406.48,463.42,1.5
406.69,463.53,1.5
406.9,463.65,1.5
407.1,463.76,1.5
407.31,463.87,1.5
407.52,463.98,1.5
407.72,464.09,1.5
407.93,464.2,1.5
408.14,464.31,1.5
408.34,464.43,1.5
408.55,464.54,1.5
408.76,464.65,1.5
408.97,464.76,1.5
409.17,464.87,1.5
409.38,464.98,1.5
409.59,465.09,1.5
409.79,465.21,1.5
410,465.32,1.5
410.21,465.43,1.5
410.41,465.54,1.5
410.62,465.65,1.5
410.83,465.76,1.5
411.03,465.87,1.5
411.24,465.99,1.5
411.45,466.1,1.5
411.65,466.21,1.5
411.86,466.32,1.5
412.07,466.43,1.5
412.27,466.54,1.5
412.48,466.65,1.5
412.69,466.76,1.5
412.9,466.88,1.5
413.1,466.99,1.5
413.31,467.1,1.5
413.52,467.21,1.5
413.72,467.32,1.5
413.93,467.43,1.5
414.14,467.54,1.5
414.34,467.65,1.5
414.55,467.77,1.5
414.76,467.88,1.5
414.96,467.99,1.5
415.17,468.1,1.5
415.38,468.21,1.5
415.58,468.32,1.5
415.79,468.43,1.5
416,468.54,1.5
416.21,468.66,1.5
416.41,468.77,1.5
416.62,468.88,1.5
416.83,468.99,1.5
417.03,469.1,1.5
417.24,469.21,1.5
417.45,469.32,1.5
417.65,469.43,1.5
417.86,469.55,1.5
418.07,469.66,1.5
418.28,469.77,1.5
418.48,469.88,1.5
418.69,469.99,1.5
418.9,470.1,1.5
419.1,470.21,1.5
419.31,470.32,1.5
419.52,470.43,1.5
419.72,470.55,1.5
419.93,470.66,1.5
420.14,470.77,1.5
420.34,470.88,1.5
420.55,470.99,1.5
420.76,471.1,1.5
420.97,471.21,1.5
421.17,471.32,1.5
421.38,471.43,1.5
421.59,471.55,1.5
421.79,471.66,1.5
422,471.77,1.5
422.21,471.88,1.5
422.41,471.99,1.5
422.62,472.1,1.5
422.83,472.21,1.5
423.04,472.32,1.5
423.24,472.43,1.5
423.45,472.55,1.5
423.66,472.66,1.5
423.86,472.77,1.5
424.07,472.88,1.5
424.28,472.99,1.5
424.48,473.1,1.5
424.69,473.21,1.5
424.9,473.32,1.5
425.11,473.43,1.5
425.31,473.55,1.5
425.52,473.66,1.5
425.73,473.77,1.5
425.93,473.88,1.5
426.14,473.99,1.5
426.35,474.1,1.5
426.55,474.21,1.5
426.76,474.32,1.5
426.97,474.43,1.5
427.18,474.54,1.5
427.38,474.66,1.5
427.59,474.77,1.5
427.8,474.88,1.5
428,474.99,1.5
428.21,475.1,1.5
428.42,475.21,1.5
428.62,475.32,1.5
428.83,475.43,1.5
429.04,475.54,1.5
429.25,475.66,1.5
429.45,475.77,1.5
429.66,475.88,1.5
429.87,475.99,1.5
430.08,476.1,1.5
430.29,476.21,1.5
430.51,476.32,1.5
430.73,476.43,1.5
430.95,476.53,1.5
431.18,476.63,1.5
431.4,476.72,1.5
431.62,476.82,1.5
431.84,476.9,1.5
432.05,476.98,1.5
432.25,477.06,1.5
432.45,477.14,1.5
432.65,477.22,1.5
432.85,477.31,1.5
433.04,477.4,1.5
433.24,477.49,1.5
433.43,477.59,1.5
433.63,477.69,1.5
433.82,477.8,1.5
434.03,477.9,1.5
434.23,478.01,1.5
434.43,478.12,1.5
434.63,478.24,1.5
434.83,478.35,1.5
435.03,478.46,1.5
435.24,478.58,1.5
435.45,478.69,1.5
435.65,478.81,1.5
435.86,478.92,1.5
436.06,479.04,1.5
436.27,479.15,1.5
436.47,479.27,1.5
436.68,479.38,1.5
436.88,479.49,1.5
437.09,479.61,1.5
437.29,479.72,1.5
437.5,479.84,1.5
437.7,479.95,1.5
437.91,480.07,1.5
438.11,480.18,1.5
438.31,480.3,1.5
438.52,480.41,1.5
438.72,480.53,1.5
438.93,480.64,1.5
439.13,480.76,1.5
439.34,480.88,1.5
439.54,480.99,1.5
439.75,481.11,1.5
439.95,481.23,1.5
440.16,481.34,1.5
440.36,481.46,1.5
440.57,481.58,1.5
440.77,481.69,1.5
440.97,481.81,1.5
441.18,481.93,1.5
441.38,482.05,1.5
441.59,482.18,1.5
441.8,482.3,1.5
442,482.43,1.5
442.2,482.55,1.5
442.41,482.68,1.5
442.61,482.82,1.5
442.81,482.95,1.5
443.01,483.08,1.5
443.21,483.22,1.5
443.4,483.35,1.5
443.59,483.49,1.5
443.76,483.63,1.5
443.93,483.77,1.5
444.11,483.9,1.5
444.28,484.03,1.5
444.45,484.16,1.5
444.62,484.28,1.5
444.8,484.4,1.5
444.97,484.51,1.5
445.15,484.63,1.5
445.33,484.74,1.5
445.51,484.85,1.5
445.69,484.96,1.5
445.87,485.06,1.5
446.06,485.17,1.5
446.25,485.28,1.5
446.44,485.39,1.5
446.64,485.51,1.5
446.83,485.63,1.5
447.02,485.74,1.5
447.21,485.86,1.5
447.4,485.97,1.5
447.59,486.08,1.5
447.78,486.2,1.5
447.97,486.33,1.5
448.16,486.47,1.5
448.35,486.6,1.5
448.54,486.74,1.5
448.73,486.88,1.5
448.92,487.03,1.5
449.11,487.17,1.5
449.3,487.31,1.5
449.48,487.45,1.5
449.67,487.59,1.5
449.86,487.72,1.5
450.05,487.86,1.5
450.24,488,1.5
450.43,488.14,1.5
450.61,488.28,1.5
450.8,488.42,1.5
450.99,488.56,1.5
451.18,488.7,1.5
451.37,488.84,1.5
451.56,488.98,1.5
451.75,489.12,1.5
451.93,489.26,1.5
452.12,489.4,1.5
452.31,489.54,1.5
452.5,489.68,1.5
452.69,489.82,1.5
452.87,489.96,1.5
453.06,490.1,1.5
453.25,490.24,1.5
453.44,490.39,1.5
453.63,490.53,1.5
453.81,490.67,1.5
454,490.81,1.5
454.19,490.95,1.5
454.38,491.09,1.5
454.57,491.23,1.5
454.76,491.36,1.5
454.88,491.44,1.5
455.08,491.56,1.5
455.28,491.67,1.5
455.49,491.79,1.5
455.69,491.91,1.5
455.9,492.02,1.5
456.1,492.14,1.5
456.3,492.26,1.5
456.51,492.37,1.5
456.71,492.49,1.5
456.92,492.61,1.5
457.12,492.72,1.5
457.32,492.84,1.5
457.53,492.96,1.5
457.73,493.07,1.5
457.94,493.19,1.5
458.14,493.3,1.5
458.34,493.42,1.5
458.55,493.54,1.5
458.75,493.65,1.5
458.96,493.77,1.5
459.16,493.89,1.5
459.37,494,1.5
459.57,494.12,1.5
459.77,494.23,1.5
459.98,494.35,1.5
460.18,494.47,1.5
460.39,494.58,1.5
460.59,494.7,1.5
460.79,494.82,1.5
461,494.93,1.5
461.2,495.05,1.5
461.41,495.16,1.5
461.61,495.28,1.5
461.82,495.4,1.5
462.02,495.51,1.5
462.22,495.63,1.5
462.43,495.74,1.5
462.63,495.86,1.5
462.84,495.98,1.5
463.04,496.09,1.5
463.25,496.21,1.5
463.45,496.32,1.5
463.65,496.44,1.5
463.86,496.56,1.5
464.06,496.67,1.5
464.27,496.79,1.5
464.47,496.9,1.5
464.68,497.02,1.5
464.88,497.14,1.5
465.08,497.25,1.5
465.29,497.37,1.5
465.49,497.48,1.5
465.7,497.6,1.5
465.9,497.71,1.5
466.11,497.83,1.5
466.31,497.95,1.5
466.52,498.06,1.5
466.72,498.18,1.5
466.92,498.29,1.5
467.13,498.41,1.5
467.33,498.52,1.5
467.54,498.64,1.5
467.74,498.76,1.5
467.95,498.87,1.5
468.15,498.99,1.5
468.36,499.1,1.5
468.56,499.22,1.5
468.76,499.33,1.5
468.97,499.45,1.5
469.17,499.57,1.5
469.38,499.68,1.5
469.58,499.8,1.5
469.79,499.91,1.5
469.99,500.03,1.5
470.2,500.14,1.5
470.4,500.26,1.5
470.61,500.37,1.5
470.81,500.49,1.5
471.02,500.6,1.5
471.22,500.72,1.5
471.42,500.83,1.5
471.63,500.95,1.5
471.83,501.06,1.5
472.04,501.18,1.5
472.24,501.3,1.5
472.45,501.41,1.5
472.65,501.53,1.5
472.86,501.64,1.5
473.06,501.76,1.5
473.27,501.87,1.5
473.47,501.99,1.5
473.68,502.1,1.5
473.88,502.22,1.5
474.09,502.33,1.5
474.29,502.45,1.5
474.5,502.56,1.5
474.7,502.68,1.5
474.91,502.79,1.5
475.11,502.9,1.5
475.32,503.02,1.5
475.52,503.13,1.5
475.73,503.25,1.5
475.93,503.36,1.5
476.14,503.48,1.5
476.34,503.59,1.5
476.55,503.71,1.5
476.75,503.82,1.5
476.96,503.94,1.5
477.16,504.05,1.5
477.37,504.17,1.5
477.57,504.28,1.5
477.77,504.39,1.5
477.97,504.5,1.5
478.17,504.61,1.5
478.36,504.72,1.5
478.54,504.83,1.5
478.73,504.93,1.5
478.92,505.04,1.5
479.1,505.14,1.5
479.29,505.24,1.5
479.47,505.35,1.5
479.66,505.45,1.5
479.85,505.56,1.5
480.03,505.67,1.5
480.22,505.77,1.5
480.41,505.87,1.5
480.59,505.98,1.5
480.78,506.09,1.5
480.96,506.19,1.5
481.14,506.3,1.5
481.32,506.4,1.5
481.5,506.51,1.5
481.68,506.62,1.5
481.87,506.72,1.5
482.05,506.83,1.5
482.22,506.94,1.5
482.4,507.04,1.5
482.57,507.15,1.5
482.75,507.25,1.5
482.92,507.36,1.5
483.1,507.46,1.5
483.27,507.57,1.5
483.45,507.68,1.5
483.62,507.79,1.5
483.8,507.89,1.5
483.97,507.98,1.5
484.14,508.08,1.5
484.32,508.17,1.5
484.49,508.28,1.5
484.65,508.39,1.5
484.83,508.5,1.5
485,508.6,1.5
485.17,508.71,1.5
485.33,508.82,1.5
485.49,508.92,1.5
485.65,509.02,1.5
485.82,509.12,1.5
485.99,509.22,1.5
486.15,509.32,1.5
486.31,509.42,1.5
486.47,509.53,1.5
486.64,509.64,1.5
486.82,509.75,1.5
486.99,509.85,1.5
487.15,509.96,1.5
487.3,510.08,1.5
487.45,510.2,1.5
487.61,510.32,1.5
487.77,510.45,1.5
487.94,510.57,1.5
488.11,510.69,1.5
488.27,510.81,1.5
488.44,510.93,1.5
488.59,511.05,1.5
488.75,511.18,1.5
488.9,511.31,1.5
489.06,511.44,1.5
489.23,511.58,1.5
489.39,511.72,1.5
489.55,511.86,1.5
489.71,511.99,1.5
489.87,512.12,1.5
490.04,512.26,1.5
490.21,512.39,1.5
490.38,512.52,1.5
490.55,512.65,1.5
490.73,512.78,1.5
490.91,512.91,1.5
491.09,513.04,1.5
491.28,513.16,1.5
491.47,513.29,1.5
491.66,513.42,1.5
491.85,513.54,1.5
492.05,513.65,1.5
492.25,513.77,1.5
492.46,513.88,1.5
492.66,514,1.5
492.87,514.11,1.5
493.07,514.22,1.5
493.28,514.33,1.5
493.49,514.44,1.5
493.7,514.55,1.5
493.91,514.66,1.5
494.12,514.78,1.5
494.33,514.88,1.5
494.54,514.99,1.5
494.75,515.1,1.5
494.95,515.21,1.5
495.16,515.32,1.5
495.37,515.43,1.5
495.58,515.54,1.5
495.79,515.65,1.5
495.99,515.76,1.5
496.2,515.87,1.5
496.41,515.97,1.5
496.62,516.08,1.5
496.83,516.19,1.5
497.04,516.3,1.5
497.25,516.41,1.5
497.45,516.52,1.5
497.66,516.63,1.5
497.87,516.73,1.5
498.08,516.84,1.5
498.29,516.95,1.5
498.5,517.06,1.5
498.7,517.17,1.5
498.91,517.28,1.5
499.12,517.39,1.5
499.33,517.49,1.5
499.54,517.6,1.5
499.74,517.71,1.5
499.95,517.82,1.5
500.16,517.93,1.5
500.37,518.04,1.5
500.58,518.15,1.5
500.79,518.26,1.5
500.99,518.36,1.5
501.2,518.47,1.5
501.41,518.58,1.5
501.62,518.69,1.5
501.83,518.8,1.5
502.04,518.91,1.5
502.24,519.02,1.5
502.45,519.12,1.5
502.66,519.23,1.5
502.87,519.34,1.5
503.08,519.45,1.5
503.29,519.56,1.5
503.49,519.67,1.5
503.7,519.78,1.5
503.91,519.88,1.5
504.12,519.99,1.5
504.33,520.1,1.5
504.54,520.21,1.5
504.74,520.32,1.5
504.95,520.43,1.5
505.16,520.54,1.5
505.37,520.64,1.5
505.58,520.75,1.5
505.79,520.86,1.5
505.99,520.97,1.5
506.2,521.08,1.5
506.41,521.19,1.5
506.62,521.3,1.5
506.83,521.4,1.5
507.04,521.51,1.5
507.24,521.62,1.5
507.45,521.73,1.5
507.66,521.84,1.5
507.87,521.95,1.5
508.08,522.05,1.5
508.29,522.16,1.5
508.49,522.27,1.5
508.7,522.38,1.5
508.91,522.49,1.5
509.12,522.6,1.5
509.33,522.7,1.5
509.54,522.81,1.5
509.75,522.92,1.5
509.95,523.03,1.5
510.16,523.14,1.5
510.37,523.25,1.5
510.58,523.36,1.5
510.79,523.46,1.5
511,523.57,1.5
511.2,523.68,1.5
511.41,523.79,1.5
511.62,523.9,1.5
511.83,524,1.5
512.04,524.11,1.5
512.25,524.22,1.5
512.45,524.33,1.5
512.66,524.44,1.5
512.87,524.55,1.5
513.07,524.65,1.5
513.27,524.76,1.5
513.47,524.86,1.5
513.66,524.96,1.5
513.85,525.07,1.5
514.04,525.17,1.5
514.23,525.27,1.5
514.42,525.37,1.5
514.61,525.46,1.5
514.8,525.56,1.5
514.99,525.66,1.5
515.17,525.76,1.5
515.36,525.86,1.5
515.54,525.96,1.5
515.73,526.06,1.5
515.91,526.16,1.5
516.09,526.26,1.5
516.28,526.36,1.5
516.46,526.46,1.5
516.64,526.57,1.5
516.83,526.67,1.5
517.01,526.78,1.5
517.19,526.88,1.5
517.37,526.99,1.5
517.55,527.1,1.5
517.73,527.21,1.5
517.91,527.31,1.5
518.09,527.42,1.5
518.27,527.53,1.5
518.46,527.63,1.5
518.65,527.73,1.5
518.84,527.83,1.5
519.02,527.94,1.5
519.21,528.04,1.5
519.39,528.15,1.5
519.57,528.26,1.5
519.75,528.37,1.5
519.93,528.47,1.5
520.11,528.57,1.5
520.28,528.67,1.5
520.45,528.77,1.5
520.61,528.87,1.5
520.78,528.97,1.5
520.95,529.07,1.5
521.12,529.17,1.5
521.29,529.27,1.5
521.47,529.37,1.5
521.65,529.47,1.5
521.82,529.57,1.5
521.99,529.67,1.5
522.17,529.77,1.5
522.34,529.88,1.5
522.52,529.98,1.5
522.69,530.08,1.5
522.86,530.18,1.5
523.03,530.28,1.5
523.2,530.39,1.5
523.37,530.5,1.5
523.54,530.61,1.5
523.72,530.73,1.5
523.9,530.85,1.5
524.08,530.97,1.5
524.26,531.08,1.5
524.44,531.18,1.5
524.61,531.29,1.5
524.78,531.39,1.5
524.96,531.5,1.5
525.14,531.62,1.5
525.33,531.73,1.5
525.51,531.85,1.5
525.68,531.96,1.5
525.86,532.08,1.5
526.04,532.2,1.5
526.23,532.32,1.5
526.43,532.43,1.5
526.62,532.55,1.5
526.81,532.66,1.5
527.01,532.78,1.5
527.21,532.9,1.5
527.41,533.02,1.5
527.61,533.14,1.5
527.81,533.27,1.5
528.01,533.39,1.5
528.21,533.51,1.5
528.41,533.63,1.5
528.61,533.74,1.5
528.82,533.85,1.5
529.04,533.95,1.5
529.25,534.06,1.5
529.46,534.16,1.5
529.67,534.26,1.5
529.88,534.36,1.5
530.1,534.45,1.5
530.31,534.55,1.5
530.52,534.65,1.5
530.74,534.75,1.5
530.95,534.84,1.5
531.17,534.94,1.5
531.38,535.03,1.5
531.6,535.13,1.5
531.81,535.23,1.5
532.02,535.32,1.5
532.24,535.42,1.5
532.45,535.52,1.5
532.67,535.61,1.5
532.88,535.71,1.5
533.1,535.8,1.5
533.31,535.9,1.5
533.53,535.99,1.5
533.74,536.09,1.5
533.95,536.19,1.5
534.17,536.28,1.5
534.38,536.38,1.5
534.6,536.47,1.5
534.81,536.57,1.5
535.03,536.66,1.5
535.24,536.76,1.5
535.46,536.85,1.5
535.67,536.95,1.5
535.89,537.05,1.5
536.1,537.14,1.5
536.32,537.24,1.5
536.53,537.33,1.5
536.74,537.43,1.5
536.96,537.52,1.5
537.17,537.62,1.5
537.39,537.71,1.5
537.6,537.81,1.5
537.82,537.9,1.5
538.03,538,1.5
538.25,538.09,1.5
538.46,538.19,1.5
538.68,538.28,1.5
538.89,538.38,1.5
539.11,538.47,1.5
539.32,538.57,1.5
539.54,538.66,1.5
539.75,538.76,1.5
539.97,538.86,1.5
540.18,538.95,1.5
540.4,539.05,1.5
540.61,539.14,1.5
540.83,539.24,1.5
541.04,539.33,1.5
541.26,539.43,1.5
541.47,539.52,1.5
541.68,539.62,1.5
541.9,539.71,1.5
542.11,539.81,1.5
542.33,539.9,1.5
542.54,540,1.5
542.76,540.09,1.5
542.97,540.19,1.5
543.19,540.28,1.5
543.4,540.38,1.5
543.62,540.47,1.5
543.83,540.57,1.5
544.05,540.66,1.5
544.26,540.76,1.5
544.48,540.85,1.5
544.69,540.95,1.5
544.91,541.04,1.5
545.12,541.14,1.5
545.34,541.23,1.5
545.55,541.33,1.5
545.77,541.42,1.5
545.98,541.52,1.5
546.2,541.61,1.5
546.41,541.71,1.5
546.62,541.8,1.5
546.84,541.9,1.5
547.06,541.99,1.5
547.28,542.09,1.5
547.49,542.19,1.5
547.71,542.28,1.5
547.92,542.38,1.5
548.14,542.48,1.5
548.35,542.58,1.5
548.57,542.68,1.5
548.78,542.78,1.5
548.99,542.88,1.5
549.2,542.98,1.5
549.41,543.08,1.5
549.62,543.18,1.5
549.84,543.29,1.5
550.05,543.39,1.5
550.26,543.5,1.5
550.47,543.6,1.5
550.68,543.71,1.5
550.88,543.82,1.5
551.09,543.92,1.5
551.3,544.03,1.5
551.51,544.14,1.5
551.72,544.25,1.5
551.93,544.36,1.5
552.13,544.47,1.5
552.34,544.58,1.5
552.55,544.69,1.5
552.76,544.8,1.5
552.96,544.91,1.5
553.17,545.02,1.5
553.37,545.14,1.5
553.58,545.25,1.5
553.79,545.36,1.5
553.99,545.48,1.5
554.2,545.59,1.5
554.4,545.71,1.5
554.61,545.82,1.5
554.81,545.94,1.5
555.01,546.05,1.5
555.22,546.17,1.5
555.42,546.29,1.5
555.63,546.41,1.5
555.83,546.52,1.5
556.03,546.64,1.5
556.23,546.76,1.5
556.44,546.88,1.5
556.64,547,1.5
556.84,547.11,1.5
557.05,547.23,1.5
557.25,547.35,1.5
557.45,547.45,1.5
557.65,547.55,1.5
557.86,547.64,1.5
558.06,547.73,1.5
558.26,547.81,1.5
558.46,547.9,1.5
558.66,547.98,1.5
558.87,548.06,1.5
559.08,548.16,1.5
559.21,548.21,1.5
559.4,548.32,1.5
559.56,548.48,1.5
559.7,548.65,1.5
559.84,548.83,1.5
559.99,549.01,1.5
560.13,549.19,1.5
560.27,549.38,1.5
560.42,549.56,1.5
560.57,549.74,1.5
560.73,549.91,1.5
560.9,550.07,1.5
561.07,550.23,1.5
561.24,550.39,1.5
561.42,550.54,1.5
561.6,550.68,1.5
561.79,550.83,1.5
561.97,550.97,1.5
562.16,551.11,1.5
562.35,551.26,1.5
562.54,551.39,1.5
562.73,551.53,1.5
562.92,551.67,1.5
563.11,551.8,1.5
563.3,551.94,1.5
563.49,552.07,1.5
563.67,552.2,1.5
563.86,552.33,1.5
564.05,552.46,1.5
564.23,552.59,1.5
564.42,552.71,1.5
564.61,552.84,1.5
564.79,552.97,1.5
564.97,553.09,1.5
565.16,553.21,1.5
565.34,553.34,1.5
565.52,553.46,1.5
565.7,553.58,1.5
565.88,553.7,1.5
566.06,553.82,1.5
566.24,553.94,1.5
566.42,554.06,1.5
566.6,554.18,1.5
566.79,554.3,1.5
566.97,554.43,1.5
567.16,554.55,1.5
567.34,554.67,1.5
567.52,554.79,1.5
567.7,554.91,1.5
567.88,555.03,1.5
568.06,555.15,1.5
568.24,555.27,1.5
568.42,555.38,1.5
568.61,555.5,1.5
568.79,555.61,1.5
568.97,555.73,1.5
569.16,555.84,1.5
569.34,555.96,1.5
569.53,556.08,1.5
569.72,556.21,1.5
569.9,556.33,1.5
570.08,556.44,1.5
570.26,556.56,1.5
570.44,556.68,1.5
570.62,556.79,1.5
570.8,556.91,1.5
570.99,557.02,1.5
571.18,557.14,1.5
571.37,557.24,1.5
571.56,557.35,1.5
571.75,557.46,1.5
571.94,557.57,1.5
572.13,557.68,1.5
572.32,557.79,1.5
572.5,557.89,1.5
572.69,558,1.5
572.88,558.11,1.5
573.07,558.23,1.5
573.25,558.34,1.5
573.44,558.45,1.5
573.63,558.55,1.5
573.81,558.66,1.5
