1.06
1.05
1.06
1.07
1.07
1.07
1.06
1.06
1.07
1.08
1.09
1.09
1.1
1.1
1.1
1.1
1.09
1.08
1.09
1.09
1.1
1.1
1.1
1.1
1.1
1.1
1.11
1.11
1.11
1.1
1.1
1.09
1.1
1.1
1.11
1.11
1.11
1.11
1.11
1.11
1.11
1.11
1.1
1.1
1.1
1.1
1.1
1.11
1.11
1.11
1.11
1.11
1.1
1.1
1.09
1.08
1.07
1.07
1.07
1.06
1.06
1.06
1.05
1.04
1.04
1.03
1.04
1.04
1.04
1.04
1.04
1.05
1.03
1.01
1.01
1.02
1.03
1.03
1.03
1.02
1.03
1.05
1.04
1.03
1.02
1.02
1
0.98
0.97
0.95
0.96
0.96
0.94
0.93
0.95
0.97
0.96
0.94
0.97
1
0.98
0.95
0.95
0.95
0.99
1.03
1.04
1.04
1.03
1.02
1.02
1.01
1.03
1.05
1.04
1.02
1.02
1.02
1.02
1.02
1.02
1.02
1.03
1.03
1.03
1.03
1.02
1.02
1.01
1
1.01
1.02
1.01
0.99
0.97
0.96
0.95
0.95
0.97
0.99
0.99
0.98
0.99
0.99
0.99
0.99
0.97
0.96
0.96
0.97
0.98
0.98
0.93
0.9
0.94
0.98
0.95
0.93
0.95
0.97
0.93
0.9
0.9
0.91
0.93
0.95
0.96
0.96
0.93
0.92
0.94
0.97
0.96
0.94
0.92
0.91
0.91
0.92
0.92
0.91
0.91
0.91
0.91
0.92
0.94
0.96
0.93
0.91
0.95
0.98
0.97
0.96
0.94
0.92
0.88
0.85
0.85
0.87
0.88
0.9
0.93
0.95
0.94
0.94
0.94
0.94
0.92
0.9
0.89
0.89
0.9
0.9
0.95
0.99
0.97
0.94
0.93
0.92
0.95
0.98
0.94
0.91
0.91
0.91
0.92
0.92
0.93
0.93
0.9
0.87
0.9
0.93
0.95
0.95
0.94
0.93
0.92
0.92
0.92
0.92
0.91
0.91
0.91
0.92
0.93
0.94
0.91
0.88
0.9
0.92
0.93
0.93
0.92
0.92
0.94
0.96
0.94
0.91
0.89
0.88
0.89
0.9
0.92
0.93
0.89
0.85
0.85
0.85
0.89
0.91
0.88
0.85
0.88
0.91
0.96
0.98
0.93
0.88
0.89
0.9
0.89
0.88
0.9
0.93
0.93
0.92
0.91
0.9
0.9
0.89
0.89
0.88
0.91
0.93
0.91
0.89
0.88
0.87
0.87
0.88
0.87
0.87
0.86
0.86
0.9
0.93
0.93
0.92
0.89
0.87
0.86
0.87
0.84
0.82
0.86
0.9
0.89
0.87
0.87
0.88
0.85
0.83
0.84
0.86
0.9
0.92
0.91
0.9
0.89
0.87
0.85
0.83
0.85
0.86
0.83
0.81
0.78
0.76
0.81
0.85
0.8
0.77
0.75
0.73
0.77
0.81
0.82
0.81
0.87
0.92
0.88
0.83
0.83
0.84
0.85
0.86
0.83
0.81
0.8
0.78
0.77
0.76
0.74
0.73
0.76
0.78
0.79
0.81
0.83
0.85
0.82
0.8
0.84
0.88
0.85
0.83
0.86
0.89
0.85
0.81
0.76
0.72
0.74
0.77
0.78
0.78
0.77
0.77
0.79
0.81
0.77
0.75
0.75
0.76
0.84
0.9
0.9
0.88
0.88
0.88
0.89
0.9
0.87
0.84
0.86
0.89
0.89
0.89
0.94
0.98
0.94
0.9
0.87
0.84
0.83
0.83
0.84
0.85
0.81
0.77
0.81
0.86
0.88
0.88
0.85
0.82
0.82
0.83
0.83
0.83
0.85
0.87
0.88
0.92
0.96
1
1
1
0.62
0.88
0.82
0.86
0.89
0.91
0.93
0.94
0.93
0.91
0.91
0.89
0.88
0.87
0.86
0.84
0.81
0.8
0.78
0.77
0.81
0.85
0.84
0.84
0.83
0.82
0.75
0.7
0.72
0.75
0.8
0.85
0.86
0.85
0.81
0.78
0.83
0.88
0.93
0.97
0.9
0.84
0.88
1.1
0.95
0.97
0.93
0.91
0.91
0.92
0.95
0.98
0.98
0.98
0.96
0.95
0.96
0.97
0.95
0.93
0.96
0.98
1
1.01
1.05
1.07
1.06
1.06
1.04
1.03
1.01
0.99
0.99
0.99
1.01
1.03
1.02
1.01
1
1
1.02
1.02
1.02
1.01
1.01
1.01
0.98
0.96
0.94
0.93
0.94
0.95
0.95
0.95
0.95
0.95
0.97
0.97
0.97
0.97
0.96
0.95
0.93
0.92
0.96
0.99
1
1.01
1.01
1.01
1.02
1.02
0.99
0.96
0.96
0.96
1
1.03
0.99
0.97
0.99
1
0.98
0.96
0.94
0.93
0.94
0.96
0.99
1.01
0.99
0.98
0.97
0.97
1
1.01
0.96
0.93
0.95
0.96
0.95
0.94
0.93
0.93
0.88
0.86
0.88
0.9
0.92
0.93
0.93
0.93
0.94
0.94
0.92
0.91
0.87
0.84
0.85
0.86
0.88
0.89
0.85
0.84
0.86
0.87
0.87
0.87
0.91
0.93
0.93
0.92
0.86
0.82
0.86
0.88
0.84
0.82
0.86
0.89
0.92
0.93
0.89
0.87
0.89
0.9
0.89
0.88
0.88
0.88
0.87
0.87
0.91
0.94
0.94
0.93
0.88
0.85
0.84
0.83
0.86
0.88
0.88
0.88
0.9
0.91
0.87
0.84
0.85
0.86
0.83
0.81
0.86
0.9
0.88
0.87
0.9
0.94
0.9
0.88
0.91
0.94
0.96
0.97
0.98
0.98
0.93
0.89
0.88
0.89
0.93
0.96
0.94
0.93
0.96
0.97
0.95
0.94
0.94
0.95
0.91
0.89
0.9
0.91
0.92
0.93
0.94
0.95
0.94
0.94
0.96
0.96
0.97
0.97
0.97
0.97
0.94
0.93
0.89
0.87
0.86
0.86
0.88
0.9
0.93
0.95
0.92
0.9
0.88
0.87
0.93
0.96
0.94
0.92
0.88
0.86
0.86
0.86
0.89
0.9
0.85
0.83
0.92
0.99
1
1
0.96
0.93
0.95
0.96
0.94
0.93
0.94
0.95
0.93
0.92
0.88
0.86
0.9
0.92
0.9
0.89
0.9
0.91
0.91
0.91
0.91
0.91
0.9
0.89
0.87
0.86
0.89
0.91
0.87
0.85
0.9
0.93
0.93
0.93
0.89
0.87
0.91
0.94
0.96
0.98
0.94
0.92
0.92
0.93
0.9
0.9
0.93
0.95
0.95
0.96
0.95
0.96
1
1.02
1.05
1.07
1.06
1.06
1.09
1.12
1.13
1.13
1.11
1.1
1.11
1.11
1.09
1.07
1.06
1.05
1.04
1.03
1.05
1.06
1.05
1.05
1.05
1.05
1.04
1.04
1.05
1.05
1.04
1.04
1.05
1.05
1.04
1.03
1.02
1.02
1.05
1.08
1.08
1.08
1.09
1.1
1.1
1.11
1.11
1.11
1.12
1.12
1.12
1.11
1.1
1.09
1.07
1.06
1.05
1.04
1.04
1.03
1.03
1.04
1.04
1.03
1.03
1.02
1.02
1.02
1.03
1.03
1.01
0.99
0.99
0.99
0.97
0.94
0.91
0.89
0.91
0.92
0.88
0.86
0.85
0.86
0.85
0.85
0.88
0.94
0.89
0.6
0.43
0.39
0.38
0.64
0.83
0.94
0.95
0.94
0.92
0.91
0.92
0.93
0.97
0.92
1.01
1.2
1.12
1.07
1.08
1.07
1.01
0.98
0.96
0.96
0.95
0.94
0.96
0.97
0.96
0.96
0.95
0.93
0.89
0.9
0.93
0.79
0.73
0.69
0.82
0.91
0.95
0.97
1.02
1.05
1.04
1.04
1.05
1.06
1.07
1.08
1.07
1.06
1.05
1.05
1.05
1.05
1.06
1.07
1.06
1.06
1.06
1.07
1.07
1.08
1.07
1.07
1.1
1.12
1.12
1.11
1.1
1.09
1.09
1.09
1.09
1.08
1.08
1.04
1.01
1.03
1.05
1.07
1.06
1.05
1.05
1.05
1.02
1.01
1.02
1.02
1
0.98
0.97
0.97
0.97
0.97
0.95
0.93
0.93
0.94
0.96
0.98
1
1.02
1.05
1.08
1.1
1.11
1.1
1.1
1.09
1.07
1.08
1.08
1.07
1.07
1.09
1.11
1.12
1.12
1.12
1.12
1.14
1.16
1.15
1.14
1.14
1.14
1.13
1.12
1.11
1.1
1.1
1.1
1.09
1.08
1.05
1.03
1.02
1.01
1
1
0.99
0.97
0.96
0.95
0.96
0.97
0.98
0.99
0.99
1
0.99
0.98
0.97
0.97
0.95
0.95
0.96
0.96
0.95
0.92
0.94
0.95
0.93
0.93
0.93
0.94
0.93
0.92
0.94
0.96
0.97
0.99
1
1
0.99
0.98
0.98
0.98
1.01
1.02
1
0.97
0.96
0.95
0.9
0.87
0.86
0.86
0.87
0.88
0.86
0.86
0.91
0.93
0.92
0.91
0.88
0.87
0.85
0.84
0.83
0.83
0.85
0.87
0.83
0.81
0.85
0.88
0.83
0.8
0.86
0.88
0.78
0.7
0.67
0.66
0.74
0.8
0.82
0.82
0.78
0.75
0.77
0.81
0.93
1.02
1.01
1
1.03
1.06
1.07
1.05
1.04
1.03
1.03
1.02
1.01
1.01
1.02
1.02
1
1.01
1.04
1.06
1.04
1.04
1.04
1.07
1.11
1.11
1.14
1.14
1.12
1.09
1.07
1.06
1.06
1.06
1.05
1.06
1.08
1.1
1.13
1.15
1.15
1.17
1.13
1.12
1.12
1.09
1.08
1.07
1.06
1.06
1.06
1.06
1.07
1.07
1.07
1.07
1.06
1.06
1.07
1.07
1.07
1.06
1.06
1.06
1.06
1.06
1.07
1.11
1.12
1.1
1.08
1.07
1.07
1.06
1.05
1.05
1.06
1.07
1.07
1.07
1.06
1.06
1.04
1.03
1.03
1.03
1.05
1.07
1.08
1.08
1.07
1.07
1.08
1.06
1.03
1.02
1.01
1.01
1.02
1.03
1.05
1.07
1.06
1.06
1.08
1.11
1.15
1.14
1.12
1.08
1.06
1.04
1.03
1.03
1.04
1.04
1.03
1.02
1.04
1.05
1.05
1.05
1.05
1.05
1.07
1.07
1.07
1.07
1.07
1.07
1.08
1.08
1.01
0.99
0.94
0.92
0.9
0.91
0.91
0.92
0.92
0.93
0.95
0.97
0.95
0.94
0.93
0.94
0.96
0.96
0.95
0.93
0.88
0.84
0.83
0.81
0.86
0.91
0.9
0.89
0.93
0.99
1.08
1.14
1.13
0.96
0.29
0.55
0.29
0.24
0.48
0.68
0.79
0.87
0.9
0.85
0.82
0.85
0.76
0.6
0.58
0.61
0.5
0.47
0.53
0.67
0.84
0.92
0.62
0.72
1.01
1.16
1.21
1.21
1.19
1.16
1.14
1.14
1.13
1.11
1.11
0.89
1.11
1.1
1.09
1.09
1.09
1.08
1.08
1.07
1.07
1.07
1.07
1.06
1.06
1.06
1.06
1.06
1.06
1.06
1.06
1.05
1.06
1.06
1.07
1.07
1.07
1.06
1.04
1.03
1.05
1.06
1.05
1.05
1.05
1.05
1.05
1.04
1.06
1.06
1.07
1.07
1.05
1.04
1.05
1.06
1.07
1.07
1.06
1.05
1.04
1.04
1.05
1.05
1.04
1.04
1.03
1.03
1.04
1.05
1.04
1.06
1.08
1.09
1.07
1.09
1.14
1.11
1.12
1.11
1.11
1.12
1.13
1.14
1.14
1.13
1.12
1.09
1.05
1.02
1.02
1.03
1.06
1.08
1.07
1.06
1.08
1.09
1.09
1.06
1
0.96
0.93
0.95
0.99
0.99
0.89
0.88
0.93
0.94
0.92
0.93
0.91
0.76
0.66
0.66
0.73
0.69
0.56
0.29
0.13
0.04
0.03
0.01
0.02
0.02
0.05
0.02
0.07
0.03
0.01
0.03
0.04
0.03
0.04
0.03
0
0.02
0.06
0.07
0.07
0.03
0.01
0.05
0.04
0.03
0.08
0.03
0.03
0.02
0.02
0.03
0.04
0.02
0.05
0.02
0.05
0.02
0.01
0.04
0.04
0.04
0.09
0.08
0.05
0.04
0.01
0.02
0.04
0.06
0.01
0.03
0.04
0.01
0.04
0.01
0.06
0.07
0.18
0.14
0.08
0.06
0.1
0.04
0.03
0.06
0.1
0.08
0.02
0.04
0.06
0.06
0.04
0
0.03
0.03
0.05
0.04
0.04
0.03
0.05
0.05
0.1
0.11
0.1
0.08
0.03
0.09
0.02
0.01
0.04
0.03
0.04
0.07
0.05
0.07
0.06
0.03
0.04
0.03
0.07
0.05
0.02
0.04
0.06
0.04
0.02
0.02
0.05
0.05
0.01
0.01
0.03
0.01
0.02
0.02
0.01
0.05
0.05
0.03
0.05
0.03
0.03
0.02
0.12
0.13
0.02
0.03
0.03
0.04
0.04
0.06
0.01
0.03
0.02
0.03
0.03
0.02
0.02
0.04
0.04
0.02
0.04
0.02
0.04
0.03
0.3
0.57
0.52
0.28
0.11
0.09
0.16
0.28
0.43
0.47
0.38
0.37
0.31
0.28
0.26
0.38
0.77
1
0.86
0.69
0.59
0.56
0.46
0.66
0.75
0.79
0.84
0.87
0.86
0.86
0.86
0.85
0.85
0.84
0.84
0.83
0.8
0.79
0.81
0.79
0.76
0.85
0.88
0.9
0.93
1
1.01
0.99
0.9
0.5
0.03
0.11
0.25
0.47
0.55
0.7
0.89
0.87
0.97
1.09
1.14
1.19
1.05
0.93
0.92
0.84
0.78
0.79
0.75
0.74
0.61
0.65
0.78
0.84
0.83
0.86
0.86
0.84
0.85
0.83
0.76
0.74
0.8
0.85
0.87
0.9
0.98
1.02
0.99
0.93
0.91
0.92
0.9
0.88
0.87
0.9
0.97
0.98
0.98
0.97
0.92
0.9
0.92
0.92
0.93
0.98
1.01
1.02
0.99
0.97
0.95
0.92
0.93
0.94
0.94
0.94
0.94
0.95
0.97
0.98
0.98
0.98
0.97
0.97
0.96
0.95
0.98
1.01
1.05
1.05
1.04
1.03
1.03
1.03
1.01
1.01
0.99
0.99
1.02
1.04
1.01
0.99
1.02
1.05
1.02
1
0.99
0.98
0.99
1.01
1.08
1.12
1.09
1.04
1
0.98
0.99
0.98
0.93
0.91
0.93
0.95
0.94
0.94
0.96
0.98
0.94
0.91
0.92
0.97
1
1.02
1.03
1.02
1.01
1
0.98
0.98
0.95
0.93
0.94
0.95
0.97
0.99
0.96
0.95
0.97
0.98
0.99
0.99
1.02
1.04
1.05
1.04
1.02
1
1.02
1.03
1.01
1
1.02
1.03
1.04
1.04
1.03
1.06
0.97
0.81
0.58
0.15
0.13
0.41
0.64
0.81
1.02
1.17
1.21
