385.57,547.97,1.5
385.73,547.78,1.5
385.89,547.59,1.5
386.04,547.4,1.5
386.19,547.2,1.5
386.34,547.01,1.5
386.49,546.81,1.5
386.64,546.62,1.5
386.78,546.42,1.5
386.93,546.23,1.5
387.09,546.05,1.5
387.24,545.86,1.5
387.4,545.67,1.5
387.55,545.49,1.5
387.69,545.31,1.5
387.83,545.13,1.5
387.99,544.94,1.5
388.13,544.75,1.5
388.27,544.56,1.5
388.41,544.37,1.5
388.56,544.18,1.5
388.7,544,1.5
388.84,543.82,1.5
388.98,543.64,1.5
389.13,543.47,1.5
389.28,543.3,1.5
389.43,543.11,1.5
389.59,542.93,1.5
389.74,542.74,1.5
389.88,542.56,1.5
390.02,542.38,1.5
390.16,542.19,1.5
390.31,541.99,1.5
390.45,541.8,1.5
390.59,541.61,1.5
390.72,541.43,1.5
390.85,541.24,1.5
390.98,541.05,1.5
391.11,540.86,1.5
391.24,540.67,1.5
391.37,540.49,1.5
391.52,540.31,1.5
391.67,540.14,1.5
391.82,539.97,1.5
391.98,539.81,1.5
392.14,539.64,1.5
392.3,539.46,1.5
392.45,539.28,1.5
392.59,539.1,1.5
392.75,538.92,1.5
392.91,538.73,1.5
393.07,538.55,1.5
393.24,538.38,1.5
393.39,538.21,1.5
393.54,538.03,1.5
393.68,537.86,1.5
393.82,537.7,1.5
393.96,537.55,1.5
394.12,537.39,1.5
394.28,537.24,1.5
394.44,537.08,1.5
394.59,536.91,1.5
394.75,536.74,1.5
394.91,536.57,1.5
395.08,536.4,1.5
395.24,536.23,1.5
395.39,536.05,1.5
395.53,535.86,1.5
395.66,535.68,1.5
395.81,535.51,1.5
395.96,535.35,1.5
396.11,535.18,1.5
396.25,535.01,1.5
396.41,534.83,1.5
396.57,534.64,1.5
396.72,534.45,1.5
396.86,534.27,1.5
397.01,534.08,1.5
397.15,533.9,1.5
397.31,533.72,1.5
397.47,533.54,1.5
397.62,533.36,1.5
397.77,533.19,1.5
397.91,533.01,1.5
398.07,532.84,1.5
398.22,532.67,1.5
398.37,532.5,1.5
398.53,532.33,1.5
398.68,532.15,1.5
398.83,531.98,1.5
398.98,531.83,1.5
399.14,531.66,1.5
399.3,531.5,1.5
399.47,531.33,1.5
399.64,531.17,1.5
399.81,531,1.5
399.97,530.83,1.5
400.13,530.67,1.5
400.3,530.52,1.5
400.46,530.36,1.5
400.62,530.19,1.5
400.78,530.02,1.5
400.93,529.85,1.5
401.09,529.69,1.5
401.25,529.53,1.5
401.42,529.36,1.5
401.57,529.19,1.5
401.72,529.02,1.5
401.86,528.85,1.5
402.01,528.68,1.5
402.16,528.51,1.5
402.32,528.34,1.5
402.47,528.16,1.5
402.63,528,1.5
402.79,527.83,1.5
402.96,527.66,1.5
403.12,527.49,1.5
403.28,527.31,1.5
403.43,527.14,1.5
403.59,526.98,1.5
403.74,526.83,1.5
403.89,526.66,1.5
404.04,526.49,1.5
404.18,526.31,1.5
404.32,526.13,1.5
404.46,525.95,1.5
404.6,525.79,1.5
404.73,525.62,1.5
404.85,525.45,1.5
404.97,525.26,1.5
405.1,525.07,1.5
405.23,524.9,1.5
405.36,524.73,1.5
405.5,524.56,1.5
405.63,524.38,1.5
405.78,524.19,1.5
405.93,523.99,1.5
406.07,523.81,1.5
406.21,523.64,1.5
406.36,523.48,1.5
406.52,523.32,1.5
406.67,523.15,1.5
406.81,522.99,1.5
406.96,522.82,1.5
407.12,522.65,1.5
407.28,522.48,1.5
407.44,522.31,1.5
407.6,522.15,1.5
407.76,521.99,1.5
407.91,521.83,1.5
408.06,521.66,1.5
408.21,521.5,1.5
408.37,521.35,1.5
408.53,521.18,1.5
408.69,521.01,1.5
408.84,520.84,1.5
409,520.69,1.5
409.15,520.53,1.5
409.31,520.38,1.5
409.45,520.21,1.5
409.58,520.04,1.5
409.72,519.86,1.5
409.85,519.7,1.5
409.98,519.53,1.5
410.1,519.35,1.5
410.23,519.16,1.5
410.36,518.97,1.5
410.49,518.78,1.5
410.63,518.6,1.5
410.77,518.42,1.5
410.9,518.25,1.5
411.04,518.08,1.5
411.18,517.92,1.5
411.32,517.76,1.5
411.46,517.61,1.5
411.6,517.45,1.5
411.77,517.29,1.5
411.93,517.14,1.5
412.09,517,1.5
412.26,516.85,1.5
412.42,516.7,1.5
412.56,516.55,1.5
412.69,516.39,1.5
412.81,516.21,1.5
412.93,516.03,1.5
413.05,515.84,1.5
413.17,515.65,1.5
413.29,515.46,1.5
413.42,515.27,1.5
413.54,515.08,1.5
413.66,514.9,1.5
413.8,514.74,1.5
413.94,514.59,1.5
414.09,514.44,1.5
414.23,514.28,1.5
414.37,514.12,1.5
414.5,513.97,1.5
414.62,513.82,1.5
414.75,513.67,1.5
414.88,513.52,1.5
415.03,513.37,1.5
415.17,513.23,1.5
415.32,513.1,1.5
415.46,512.97,1.5
415.58,512.84,1.5
415.72,512.71,1.5
415.87,512.58,1.5
416.02,512.44,1.5
416.16,512.29,1.5
416.31,512.14,1.5
416.47,511.97,1.5
416.62,511.81,1.5
416.75,511.64,1.5
416.88,511.48,1.5
417.03,511.33,1.5
417.17,511.17,1.5
417.31,511.01,1.5
417.44,510.85,1.5
417.57,510.69,1.5
417.69,510.53,1.5
417.81,510.38,1.5
417.93,510.23,1.5
418.05,510.08,1.5
418.17,509.94,1.5
418.29,509.8,1.5
418.39,509.64,1.5
418.49,509.47,1.5
418.61,509.31,1.5
418.75,509.17,1.5
418.89,509.01,1.5
419.02,508.84,1.5
419.16,508.7,1.5
419.31,508.56,1.5
419.47,508.42,1.5
419.62,508.26,1.5
419.77,508.11,1.5
419.9,507.95,1.5
420.04,507.78,1.5
420.16,507.6,1.5
420.27,507.42,1.5
420.36,507.24,1.5
420.44,507.07,1.5
420.52,506.91,1.5
420.61,506.74,1.5
420.72,506.58,1.5
420.83,506.42,1.5
420.95,506.27,1.5
421.06,506.11,1.5
421.16,505.95,1.5
421.27,505.78,1.5
421.39,505.62,1.5
421.51,505.47,1.5
421.63,505.32,1.5
421.75,505.18,1.5
421.86,505.02,1.5
421.98,504.85,1.5
422.11,504.67,1.5
422.25,504.49,1.5
422.38,504.32,1.5
422.53,504.15,1.5
422.68,503.99,1.5
422.84,503.83,1.5
423,503.68,1.5
423.15,503.52,1.5
423.27,503.35,1.5
423.41,503.18,1.5
423.55,503.01,1.5
423.7,502.85,1.5
423.85,502.69,1.5
424.02,502.52,1.5
424.18,502.34,1.5
424.34,502.17,1.5
424.48,502,1.5
424.62,501.83,1.5
424.75,501.66,1.5
424.87,501.5,1.5
424.99,501.32,1.5
425.11,501.15,1.5
425.24,500.98,1.5
425.36,500.82,1.5
425.48,500.67,1.5
425.6,500.51,1.5
425.75,500.35,1.5
425.89,500.19,1.5
426.05,500.03,1.5
426.19,499.87,1.5
426.33,499.72,1.5
426.47,499.57,1.5
426.6,499.41,1.5
426.74,499.26,1.5
426.88,499.1,1.5
427.01,498.93,1.5
427.13,498.75,1.5
427.27,498.58,1.5
427.43,498.41,1.5
427.6,498.25,1.5
427.79,498.09,1.5
427.98,497.92,1.5
428.17,497.76,1.5
428.28,497.65,1.5
428.4,497.46,1.5
428.41,497.26,1.5
428.38,497.05,1.5
428.31,496.83,1.5
428.22,496.62,1.5
428.14,496.41,1.5
428.05,496.19,1.5
427.95,495.97,1.5
427.86,495.77,1.5
427.77,495.56,1.5
427.68,495.36,1.5
427.6,495.15,1.5
427.51,494.95,1.5
427.43,494.75,1.5
427.35,494.56,1.5
427.26,494.38,1.5
427.17,494.2,1.5
427.08,494.02,1.5
426.99,493.85,1.5
426.9,493.67,1.5
426.81,493.48,1.5
426.72,493.29,1.5
426.61,493.11,1.5
426.51,492.93,1.5
426.41,492.75,1.5
426.32,492.59,1.5
426.24,492.43,1.5
426.15,492.27,1.5
426.04,492.12,1.5
425.94,491.95,1.5
425.84,491.76,1.5
425.74,491.57,1.5
425.63,491.39,1.5
425.52,491.22,1.5
425.4,491.07,1.5
425.26,490.91,1.5
425.11,490.75,1.5
424.96,490.58,1.5
424.79,490.4,1.5
424.64,490.24,1.5
424.49,490.08,1.5
424.34,489.93,1.5
424.13,489.75,1.5
423.95,489.6,1.5
423.77,489.44,1.5
423.59,489.28,1.5
423.42,489.14,1.5
423.25,488.98,1.5
423.08,488.82,1.5
422.91,488.65,1.5
422.74,488.48,1.5
422.57,488.3,1.5
422.41,488.12,1.5
422.23,487.95,1.5
422.06,487.8,1.5
421.87,487.64,1.5
421.69,487.48,1.5
421.51,487.33,1.5
421.32,487.18,1.5
421.13,487.04,1.5
420.94,486.89,1.5
420.74,486.74,1.5
420.54,486.58,1.5
420.33,486.42,1.5
420.12,486.27,1.5
419.91,486.11,1.5
419.69,485.95,1.5
419.49,485.79,1.5
419.28,485.64,1.5
419.08,485.49,1.5
418.88,485.34,1.5
418.67,485.2,1.5
418.47,485.06,1.5
418.26,484.93,1.5
418.04,484.79,1.5
417.83,484.65,1.5
417.62,484.51,1.5
417.41,484.38,1.5
417.19,484.25,1.5
416.97,484.12,1.5
416.76,483.98,1.5
416.54,483.84,1.5
416.33,483.71,1.5
416.11,483.58,1.5
415.9,483.45,1.5
415.69,483.32,1.5
415.49,483.19,1.5
415.29,483.06,1.5
415.09,482.94,1.5
414.9,482.81,1.5
414.7,482.68,1.5
414.5,482.55,1.5
414.31,482.41,1.5
414.11,482.29,1.5
413.9,482.17,1.5
413.7,482.04,1.5
413.49,481.91,1.5
413.29,481.78,1.5
413.08,481.64,1.5
412.88,481.51,1.5
412.68,481.39,1.5
412.48,481.27,1.5
412.28,481.15,1.5
412.08,481.02,1.5
411.87,480.89,1.5
411.66,480.76,1.5
411.44,480.63,1.5
411.22,480.51,1.5
410.99,480.39,1.5
410.77,480.27,1.5
410.55,480.14,1.5
410.33,480.02,1.5
410.13,479.9,1.5
409.92,479.77,1.5
409.71,479.65,1.5
409.5,479.52,1.5
409.28,479.38,1.5
409.07,479.26,1.5
408.85,479.14,1.5
408.64,479.02,1.5
408.42,478.9,1.5
408.2,478.79,1.5
407.99,478.68,1.5
407.78,478.57,1.5
407.58,478.45,1.5
407.37,478.33,1.5
407.17,478.2,1.5
406.96,478.07,1.5
406.75,477.94,1.5
406.54,477.81,1.5
406.33,477.69,1.5
406.12,477.57,1.5
405.9,477.45,1.5
405.69,477.32,1.5
405.48,477.18,1.5
405.27,477.05,1.5
405.08,476.93,1.5
404.88,476.79,1.5
404.68,476.66,1.5
404.49,476.53,1.5
404.29,476.4,1.5
404.09,476.28,1.5
403.89,476.16,1.5
403.71,476.04,1.5
403.53,475.93,1.5
403.34,475.81,1.5
403.15,475.69,1.5
402.96,475.56,1.5
402.77,475.43,1.5
402.57,475.31,1.5
402.36,475.2,1.5
402.16,475.08,1.5
401.95,474.97,1.5
401.76,474.85,1.5
401.56,474.73,1.5
401.37,474.63,1.5
401.19,474.53,1.5
401.01,474.42,1.5
400.83,474.3,1.5
400.65,474.17,1.5
400.46,474.06,1.5
400.28,473.95,1.5
400.09,473.84,1.5
399.91,473.74,1.5
399.72,473.64,1.5
399.52,473.54,1.5
399.33,473.43,1.5
399.13,473.32,1.5
398.93,473.2,1.5
398.73,473.09,1.5
398.52,472.99,1.5
398.33,472.89,1.5
398.15,472.79,1.5
397.96,472.7,1.5
397.76,472.61,1.5
397.57,472.52,1.5
397.39,472.42,1.5
397.2,472.33,1.5
396.99,472.24,1.5
396.78,472.15,1.5
396.57,472.06,1.5
396.37,471.96,1.5
396.18,471.85,1.5
395.99,471.74,1.5
395.79,471.63,1.5
395.59,471.53,1.5
395.4,471.43,1.5
395.2,471.33,1.5
395.01,471.23,1.5
394.82,471.11,1.5
394.64,471,1.5
394.45,470.88,1.5
394.25,470.75,1.5
394.05,470.62,1.5
393.86,470.5,1.5
393.67,470.38,1.5
393.49,470.26,1.5
393.32,470.15,1.5
393.15,470.03,1.5
392.97,469.91,1.5
392.79,469.78,1.5
392.62,469.65,1.5
392.44,469.52,1.5
392.26,469.39,1.5
392.07,469.26,1.5
391.89,469.14,1.5
391.72,469.02,1.5
391.54,468.9,1.5
391.37,468.77,1.5
391.2,468.65,1.5
391.03,468.55,1.5
390.84,468.44,1.5
390.64,468.34,1.5
390.44,468.24,1.5
390.25,468.15,1.5
390.05,468.03,1.5
389.86,467.9,1.5
389.67,467.78,1.5
389.49,467.65,1.5
389.3,467.53,1.5
389.1,467.4,1.5
388.9,467.27,1.5
388.7,467.13,1.5
388.49,467,1.5
388.29,466.87,1.5
388.09,466.75,1.5
387.9,466.63,1.5
387.71,466.51,1.5
387.53,466.39,1.5
387.32,466.29,1.5
387.1,466.18,1.5
386.9,466.07,1.5
386.7,465.95,1.5
386.5,465.83,1.5
386.28,465.71,1.5
386.08,465.59,1.5
385.88,465.46,1.5
385.67,465.35,1.5
385.46,465.25,1.5
385.26,465.15,1.5
385.06,465.05,1.5
384.86,464.95,1.5
384.66,464.84,1.5
384.46,464.72,1.5
384.25,464.61,1.5
384.05,464.5,1.5
383.84,464.39,1.5
383.63,464.28,1.5
383.43,464.16,1.5
383.22,464.04,1.5
383.01,463.92,1.5
382.8,463.8,1.5
382.58,463.69,1.5
382.37,463.57,1.5
382.16,463.45,1.5
381.95,463.34,1.5
381.75,463.23,1.5
381.55,463.12,1.5
381.36,463.03,1.5
381.17,462.93,1.5
380.97,462.84,1.5
380.78,462.73,1.5
380.59,462.62,1.5
380.38,462.51,1.5
380.17,462.4,1.5
379.97,462.28,1.5
379.78,462.16,1.5
379.6,462.04,1.5
379.42,461.93,1.5
379.22,461.8,1.5
379.01,461.68,1.5
378.8,461.57,1.5
378.59,461.48,1.5
378.39,461.39,1.5
378.19,461.3,1.5
378,461.21,1.5
377.81,461.1,1.5
377.62,460.99,1.5
377.43,460.86,1.5
377.25,460.75,1.5
377.08,460.64,1.5
376.88,460.51,1.5
376.68,460.38,1.5
376.46,460.25,1.5
376.24,460.13,1.5
376.03,460.03,1.5
375.81,459.93,1.5
375.6,459.83,1.5
375.38,459.72,1.5
375.18,459.61,1.5
374.98,459.49,1.5
374.77,459.38,1.5
374.56,459.26,1.5
374.36,459.15,1.5
374.15,459.05,1.5
373.96,458.94,1.5
373.77,458.83,1.5
373.58,458.73,1.5
373.37,458.62,1.5
373.17,458.52,1.5
372.97,458.41,1.5
372.77,458.31,1.5
372.58,458.2,1.5
372.38,458.09,1.5
372.18,457.98,1.5
371.97,457.88,1.5
371.77,457.78,1.5
371.57,457.68,1.5
371.37,457.58,1.5
371.18,457.48,1.5
370.99,457.38,1.5
370.79,457.27,1.5
370.59,457.16,1.5
370.4,457.06,1.5
370.21,456.97,1.5
370.01,456.87,1.5
369.8,456.76,1.5
369.59,456.66,1.5
369.39,456.55,1.5
369.19,456.46,1.5
368.99,456.37,1.5
368.79,456.26,1.5
368.58,456.15,1.5
368.36,456.05,1.5
368.14,455.94,1.5
367.93,455.84,1.5
367.72,455.74,1.5
367.52,455.64,1.5
367.31,455.53,1.5
367.11,455.43,1.5
366.9,455.33,1.5
366.7,455.22,1.5
366.49,455.1,1.5
366.28,454.99,1.5
366.07,454.89,1.5
365.85,454.78,1.5
365.63,454.69,1.5
365.41,454.58,1.5
365.18,454.47,1.5
364.94,454.36,1.5
364.7,454.24,1.5
364.46,454.13,1.5
364.22,454.02,1.5
363.97,453.91,1.5
363.71,453.8,1.5
363.46,453.68,1.5
363.2,453.55,1.5
362.95,453.43,1.5
362.71,453.3,1.5
362.47,453.17,1.5
362.23,453.02,1.5
362,452.88,1.5
361.77,452.74,1.5
361.55,452.6,1.5
361.32,452.47,1.5
361.09,452.34,1.5
360.87,452.2,1.5
360.65,452.07,1.5
360.42,451.93,1.5
360.2,451.8,1.5
359.98,451.66,1.5
359.75,451.52,1.5
359.53,451.38,1.5
359.31,451.24,1.5
359.09,451.1,1.5
358.87,450.97,1.5
358.64,450.83,1.5
358.42,450.69,1.5
358.2,450.55,1.5
357.98,450.42,1.5
357.76,450.27,1.5
357.54,450.14,1.5
357.32,450.01,1.5
357.1,449.88,1.5
356.88,449.75,1.5
356.65,449.62,1.5
356.41,449.49,1.5
356.18,449.36,1.5
355.94,449.22,1.5
355.71,449.08,1.5
355.49,448.92,1.5
355.26,448.77,1.5
355.03,448.6,1.5
354.81,448.44,1.5
354.58,448.28,1.5
354.36,448.11,1.5
354.14,447.94,1.5
353.91,447.77,1.5
353.69,447.61,1.5
353.47,447.44,1.5
353.25,447.28,1.5
353.04,447.12,1.5
352.83,446.96,1.5
352.62,446.8,1.5
352.41,446.64,1.5
352.21,446.48,1.5
352.02,446.31,1.5
351.83,446.13,1.5
351.65,445.94,1.5
351.48,445.75,1.5
351.31,445.55,1.5
351.15,445.35,1.5
351,445.15,1.5
350.85,444.94,1.5
350.7,444.73,1.5
350.56,444.52,1.5
350.43,444.3,1.5
350.31,444.08,1.5
350.2,443.85,1.5
350.11,443.62,1.5
350.03,443.39,1.5
349.96,443.15,1.5
349.92,442.92,1.5
349.89,442.7,1.5
349.88,442.47,1.5
349.89,442.25,1.5
349.91,442.02,1.5
349.94,441.8,1.5
349.96,441.59,1.5
349.98,441.37,1.5
349.99,441.16,1.5
350.01,440.95,1.5
350.02,440.73,1.5
350.01,440.51,1.5
349.97,440.28,1.5
349.92,440.07,1.5
349.87,439.92,1.5
349.81,439.83,1.5
349.77,439.75,1.5
349.8,439.66,1.5
349.88,439.52,1.5
349.96,439.33,1.5
350.04,439.11,1.5
350.12,438.89,1.5
350.21,438.67,1.5
350.3,438.45,1.5
350.38,438.24,1.5
350.46,438.03,1.5
350.52,437.8,1.5
350.55,437.56,1.5
350.54,437.33,1.5
350.41,437.11,1.5
350.32,436.83,1.5
350.29,436.55,1.5
350.3,436.28,1.5
350.33,436.01,1.5
350.35,435.75,1.5
350.39,435.5,1.5
350.44,435.26,1.5
350.45,435.02,1.5
350.43,434.78,1.5
350.39,434.55,1.5
350.32,434.32,1.5
350.23,434.1,1.5
350.14,433.88,1.5
350.02,433.67,1.5
349.88,433.47,1.5
349.73,433.29,1.5
349.57,433.13,1.5
349.41,432.97,1.5
349.23,432.83,1.5
349.04,432.7,1.5
348.87,432.59,1.5
348.76,432.44,1.5
348.79,432.27,1.5
348.88,432.09,1.5
349.01,431.9,1.5
349.15,431.71,1.5
349.3,431.52,1.5
349.45,431.32,1.5
349.62,431.12,1.5
349.79,430.92,1.5
349.95,430.71,1.5
350.11,430.51,1.5
350.28,430.3,1.5
350.44,430.09,1.5
350.61,429.88,1.5
350.77,429.67,1.5
350.93,429.46,1.5
351.09,429.25,1.5
351.25,429.04,1.5
351.42,428.84,1.5
351.58,428.63,1.5
351.75,428.43,1.5
351.91,428.21,1.5
352.08,428,1.5
352.24,427.8,1.5
352.41,427.59,1.5
352.57,427.38,1.5
352.74,427.17,1.5
352.92,426.97,1.5
353.09,426.76,1.5
353.26,426.56,1.5
353.43,426.34,1.5
353.61,426.13,1.5
353.79,425.91,1.5
353.97,425.7,1.5
354.15,425.49,1.5
354.32,425.28,1.5
354.5,425.07,1.5
354.67,424.86,1.5
354.85,424.65,1.5
355.02,424.44,1.5
355.19,424.24,1.5
355.36,424.04,1.5
355.51,423.84,1.5
355.65,423.62,1.5
355.78,423.39,1.5
355.91,423.16,1.5
356.05,422.94,1.5
356.2,422.72,1.5
356.34,422.5,1.5
356.48,422.28,1.5
356.62,422.06,1.5
356.76,421.85,1.5
356.9,421.64,1.5
357.04,421.43,1.5
357.19,421.23,1.5
357.33,421.03,1.5
357.48,420.83,1.5
357.62,420.63,1.5
357.76,420.44,1.5
357.9,420.24,1.5
358.04,420.05,1.5
358.17,419.86,1.5
358.31,419.67,1.5
358.44,419.47,1.5
358.56,419.27,1.5
358.69,419.06,1.5
358.81,418.84,1.5
358.93,418.61,1.5
359.06,418.38,1.5
359.18,418.15,1.5
359.32,417.91,1.5
359.47,417.67,1.5
359.63,417.45,1.5
359.8,417.23,1.5
359.97,417.02,1.5
360.14,416.81,1.5
360.31,416.61,1.5
360.48,416.4,1.5
360.66,416.19,1.5
360.83,415.99,1.5
361,415.77,1.5
361.18,415.56,1.5
361.36,415.34,1.5
361.53,415.13,1.5
361.71,414.91,1.5
361.89,414.69,1.5
362.07,414.47,1.5
362.25,414.25,1.5
362.44,414.03,1.5
362.64,413.83,1.5
362.83,413.62,1.5
363.03,413.42,1.5
363.23,413.22,1.5
363.43,413.02,1.5
363.62,412.82,1.5
363.81,412.62,1.5
364,412.42,1.5
364.19,412.22,1.5
364.38,412.02,1.5
364.56,411.82,1.5
364.74,411.63,1.5
364.91,411.44,1.5
365.09,411.26,1.5
365.26,411.08,1.5
365.43,410.89,1.5
365.61,410.71,1.5
365.77,410.53,1.5
365.94,410.35,1.5
366.1,410.18,1.5
366.27,410.01,1.5
366.43,409.83,1.5
366.6,409.66,1.5
366.77,409.48,1.5
366.95,409.31,1.5
367.13,409.14,1.5
367.3,408.96,1.5
367.48,408.79,1.5
367.65,408.61,1.5
367.82,408.44,1.5
368,408.28,1.5
368.18,408.12,1.5
368.36,407.96,1.5
368.54,407.8,1.5
368.73,407.65,1.5
368.91,407.51,1.5
369.09,407.36,1.5
369.27,407.21,1.5
369.45,407.06,1.5
369.62,406.89,1.5
369.78,406.73,1.5
369.95,406.56,1.5
370.11,406.39,1.5
370.27,406.23,1.5
370.43,406.06,1.5
370.58,405.88,1.5
370.74,405.7,1.5
370.9,405.52,1.5
371.07,405.33,1.5
371.23,405.14,1.5
371.38,404.95,1.5
371.54,404.76,1.5
371.7,404.57,1.5
371.86,404.38,1.5
372.02,404.19,1.5
372.19,404.01,1.5
372.37,403.83,1.5
372.56,403.67,1.5
372.74,403.51,1.5
372.93,403.36,1.5
373.11,403.21,1.5
373.29,403.07,1.5
373.46,402.94,1.5
373.63,402.81,1.5
373.8,402.68,1.5
373.97,402.54,1.5
374.14,402.4,1.5
374.32,402.27,1.5
374.49,402.15,1.5
374.67,402.01,1.5
374.85,401.86,1.5
375.02,401.71,1.5
375.18,401.55,1.5
375.35,401.4,1.5
375.51,401.26,1.5
375.67,401.12,1.5
375.82,400.97,1.5
375.97,400.83,1.5
376.11,400.68,1.5
376.25,400.52,1.5
376.39,400.35,1.5
376.51,400.19,1.5
376.64,400.03,1.5
376.79,399.87,1.5
376.95,399.72,1.5
377.1,399.59,1.5
377.25,399.45,1.5
377.42,399.32,1.5
377.59,399.18,1.5
377.74,399.06,1.5
377.87,398.94,1.5
377.99,398.83,1.5
378.11,398.71,1.5
378.25,398.59,1.5
378.4,398.46,1.5
378.55,398.32,1.5
378.71,398.19,1.5
378.86,398.07,1.5
379.02,397.97,1.5
379.18,397.86,1.5
379.34,397.74,1.5
379.53,397.61,1.5
379.74,397.46,1.5
379.94,397.31,1.5
380.14,397.15,1.5
380.34,396.99,1.5
380.54,396.82,1.5
380.75,396.66,1.5
380.95,396.48,1.5
381.14,396.31,1.5
381.33,396.13,1.5
381.52,395.96,1.5
381.7,395.78,1.5
381.88,395.6,1.5
382.07,395.43,1.5
382.25,395.25,1.5
382.44,395.08,1.5
382.62,394.91,1.5
382.8,394.73,1.5
382.98,394.54,1.5
383.16,394.35,1.5
383.33,394.16,1.5
383.51,393.97,1.5
383.68,393.77,1.5
383.84,393.56,1.5
384.01,393.34,1.5
384.19,393.12,1.5
384.36,392.9,1.5
384.54,392.67,1.5
384.7,392.45,1.5
384.87,392.23,1.5
385.04,392.02,1.5
385.22,391.83,1.5
385.4,391.63,1.5
385.58,391.44,1.5
385.77,391.25,1.5
385.95,391.06,1.5
386.13,390.86,1.5
386.32,390.66,1.5
386.5,390.44,1.5
386.68,390.22,1.5
386.85,389.99,1.5
387.02,389.75,1.5
387.16,389.5,1.5
387.28,389.25,1.5
387.42,389.01,1.5
387.58,388.79,1.5
387.75,388.58,1.5
387.92,388.37,1.5
388.09,388.17,1.5
388.26,387.96,1.5
388.43,387.76,1.5
388.61,387.56,1.5
388.78,387.36,1.5
388.95,387.16,1.5
389.13,386.95,1.5
389.3,386.75,1.5
389.47,386.55,1.5
389.64,386.34,1.5
389.81,386.14,1.5
389.98,385.93,1.5
390.15,385.72,1.5
390.32,385.52,1.5
390.49,385.31,1.5
390.65,385.1,1.5
390.81,384.9,1.5
390.98,384.69,1.5
391.14,384.48,1.5
391.3,384.25,1.5
391.45,384.01,1.5
391.59,383.77,1.5
391.72,383.54,1.5
391.87,383.32,1.5
392.03,383.1,1.5
392.19,382.89,1.5
392.35,382.69,1.5
392.51,382.48,1.5
392.68,382.27,1.5
392.85,382.07,1.5
393.02,381.86,1.5
393.19,381.65,1.5
393.35,381.44,1.5
393.52,381.24,1.5
393.69,381.04,1.5
393.86,380.85,1.5
394.03,380.66,1.5
394.21,380.47,1.5
394.39,380.28,1.5
394.57,380.08,1.5
394.74,379.87,1.5
394.91,379.66,1.5
395.08,379.46,1.5
395.25,379.25,1.5
395.42,379.04,1.5
395.58,378.83,1.5
395.74,378.63,1.5
395.9,378.43,1.5
396.07,378.24,1.5
396.23,378.05,1.5
396.4,377.85,1.5
396.56,377.66,1.5
396.73,377.45,1.5
396.9,377.25,1.5
397.06,377.04,1.5
397.22,376.83,1.5
397.38,376.61,1.5
397.53,376.38,1.5
397.68,376.13,1.5
397.8,375.87,1.5
397.89,375.61,1.5
398.01,375.36,1.5
398.14,375.13,1.5
398.28,374.91,1.5
398.43,374.7,1.5
398.58,374.5,1.5
398.73,374.29,1.5
398.89,374.08,1.5
399.05,373.87,1.5
399.2,373.67,1.5
399.36,373.47,1.5
399.52,373.26,1.5
399.68,373.05,1.5
399.84,372.84,1.5
400,372.63,1.5
400.15,372.42,1.5
400.31,372.2,1.5
400.46,371.98,1.5
400.61,371.76,1.5
400.76,371.54,1.5
400.91,371.32,1.5
401.06,371.1,1.5
401.21,370.87,1.5
401.35,370.64,1.5
401.45,370.41,1.5
401.54,370.18,1.5
401.64,369.96,1.5
401.75,369.76,1.5
401.88,369.58,1.5
402.02,369.4,1.5
402.18,369.23,1.5
402.34,369.07,1.5
402.51,368.92,1.5
402.69,368.77,1.5
402.86,368.61,1.5
403.03,368.44,1.5
403.2,368.27,1.5
403.37,368.11,1.5
403.54,367.94,1.5
403.7,367.77,1.5
403.85,367.59,1.5
403.99,367.39,1.5
404.12,367.2,1.5
404.25,367,1.5
404.37,366.82,1.5
404.48,366.64,1.5
404.58,366.46,1.5
404.67,366.27,1.5
404.77,366.09,1.5
404.88,365.89,1.5
405.01,365.7,1.5
405.14,365.52,1.5
405.27,365.33,1.5
405.4,365.12,1.5
405.55,364.9,1.5
405.69,364.64,1.5
405.81,364.39,1.5
405.89,364.16,1.5
405.82,364.15,1.5
405.69,364.19,1.5
405.62,364.19,1.5
405.6,364.13,1.5
405.64,364.02,1.5
405.71,363.86,1.5
405.81,363.69,1.5
405.95,363.52,1.5
406.1,363.35,1.5
406.23,363.18,1.5
406.31,362.99,1.5
406.36,362.79,1.5
406.4,362.6,1.5
406.44,362.46,1.5
406.47,362.31,1.5
406.46,362.16,1.5
406.44,362.04,1.5
406.4,361.93,1.5
406.33,361.82,1.5
406.22,361.68,1.5
406.13,361.49,1.5
406.07,361.27,1.5
406.16,361.15,1.5
406.21,360.98,1.5
406.12,360.74,1.5
405.95,360.51,1.5
405.77,360.26,1.5
405.59,360.02,1.5
405.42,359.78,1.5
405.24,359.55,1.5
405.04,359.34,1.5
404.83,359.15,1.5
404.61,358.98,1.5
404.39,358.81,1.5
404.16,358.65,1.5
403.98,358.52,1.5
403.74,358.37,1.5
403.51,358.24,1.5
403.27,358.1,1.5
403.03,357.97,1.5
402.79,357.85,1.5
402.55,357.73,1.5
402.31,357.6,1.5
402.07,357.48,1.5
401.83,357.36,1.5
401.59,357.24,1.5
401.35,357.12,1.5
401.11,357.01,1.5
400.88,356.89,1.5
400.64,356.77,1.5
400.4,356.65,1.5
400.17,356.53,1.5
399.93,356.42,1.5
399.69,356.3,1.5
399.45,356.19,1.5
399.21,356.07,1.5
398.97,355.96,1.5
398.74,355.84,1.5
398.5,355.73,1.5
398.25,355.61,1.5
398.01,355.5,1.5
397.77,355.39,1.5
397.54,355.28,1.5
397.3,355.17,1.5
397.06,355.06,1.5
396.82,354.95,1.5
396.58,354.84,1.5
396.35,354.72,1.5
396.11,354.6,1.5
395.88,354.48,1.5
395.65,354.37,1.5
395.41,354.25,1.5
395.17,354.14,1.5
394.94,354.02,1.5
394.7,353.9,1.5
394.46,353.78,1.5
394.22,353.66,1.5
393.99,353.55,1.5
393.75,353.43,1.5
393.51,353.32,1.5
393.27,353.2,1.5
393.03,353.09,1.5
392.79,352.97,1.5
392.55,352.86,1.5
392.32,352.75,1.5
392.08,352.63,1.5
391.85,352.52,1.5
391.61,352.4,1.5
391.38,352.28,1.5
391.15,352.16,1.5
390.92,352.05,1.5
390.69,351.93,1.5
390.45,351.82,1.5
390.22,351.71,1.5
389.99,351.59,1.5
389.75,351.47,1.5
389.51,351.35,1.5
389.25,351.25,1.5
388.99,351.19,1.5
388.72,351.14,1.5
388.45,351.07,1.5
388.19,350.98,1.5
387.93,350.85,1.5
387.68,350.73,1.5
387.43,350.63,1.5
387.16,350.54,1.5
386.89,350.45,1.5
386.62,350.37,1.5
386.34,350.3,1.5
386.06,350.25,1.5
385.79,350.21,1.5
385.52,350.14,1.5
385.27,350.05,1.5
385.04,349.95,1.5
384.81,349.84,1.5
384.58,349.72,1.5
384.34,349.61,1.5
384.09,349.5,1.5
383.85,349.4,1.5
383.6,349.3,1.5
383.35,349.2,1.5
383.09,349.11,1.5
382.84,349.02,1.5
382.59,348.92,1.5
382.37,348.81,1.5
382.16,348.7,1.5
381.96,348.58,1.5
381.76,348.45,1.5
381.55,348.32,1.5
381.34,348.19,1.5
381.15,348.07,1.5
380.95,347.97,1.5
380.76,347.85,1.5
380.56,347.73,1.5
380.37,347.59,1.5
380.21,347.42,1.5
380.06,347.25,1.5
379.95,347.1,1.5
379.87,346.95,1.5
379.79,346.81,1.5
379.69,346.66,1.5
379.58,346.53,1.5
379.46,346.46,1.5
379.39,346.48,1.5
379.39,346.52,1.5
379.38,346.51,1.5
379.38,346.5,1.5
379.38,346.5,1.5
379.38,346.5,1.5
379.37,346.49,1.5
379.36,346.48,1.5
379.36,346.48,1.5
379.35,346.47,1.5
379.34,346.46,1.5
379.35,346.46,1.5
379.35,346.46,1.5
379.34,346.46,1.5
379.34,346.45,1.5
379.33,346.45,1.5
379.34,346.44,1.5
379.34,346.44,1.5
379.34,346.45,1.5
379.34,346.43,1.5
379.35,346.42,1.5
379.34,346.4,1.5
379.34,346.4,1.5
379.34,346.4,1.5
379.35,346.4,1.5
379.35,346.41,1.5
379.36,346.41,1.5
379.35,346.4,1.5
379.35,346.4,1.5
379.36,346.4,1.5
379.36,346.41,1.5
379.36,346.4,1.5
379.36,346.41,1.5
379.36,346.42,1.5
379.36,346.42,1.5
379.37,346.43,1.5
379.37,346.44,1.5
379.38,346.44,1.5
379.38,346.43,1.5
379.39,346.43,1.5
379.39,346.42,1.5
379.39,346.41,1.5
379.39,346.41,1.5
379.37,346.42,1.5
379.35,346.43,1.5
379.34,346.43,1.5
379.33,346.43,1.5
379.33,346.43,1.5
379.32,346.43,1.5
379.33,346.44,1.5
379.34,346.45,1.5
379.34,346.45,1.5
379.34,346.44,1.5
379.34,346.45,1.5
379.34,346.45,1.5
379.35,346.46,1.5
379.35,346.46,1.5
379.35,346.47,1.5
379.34,346.49,1.5
379.34,346.53,1.5
379.32,346.57,1.5
379.31,346.58,1.5
379.29,346.58,1.5
379.27,346.58,1.5
379.26,346.59,1.5
379.25,346.6,1.5
379.24,346.59,1.5
379.22,346.61,1.5
379.2,346.62,1.5
379.2,346.62,1.5
379.19,346.61,1.5
379.18,346.62,1.5
379.17,346.63,1.5
379.16,346.63,1.5
379.16,346.63,1.5
379.16,346.62,1.5
379.15,346.62,1.5
379.15,346.6,1.5
379.15,346.6,1.5
379.14,346.6,1.5
379.14,346.6,1.5
379.13,346.58,1.5
379.13,346.57,1.5
379.14,346.55,1.5
379.15,346.52,1.5
379.13,346.5,1.5
379.12,346.49,1.5
379.11,346.49,1.5
379.1,346.47,1.5
379.09,346.47,1.5
379.1,346.47,1.5
379.09,346.46,1.5
379.09,346.45,1.5
379.09,346.44,1.5
379.08,346.43,1.5
379.08,346.42,1.5
379.08,346.4,1.5
379.07,346.38,1.5
379.07,346.38,1.5
379.07,346.37,1.5
379.08,346.36,1.5
379.08,346.35,1.5
379.08,346.33,1.5
379.08,346.34,1.5
379.09,346.34,1.5
379.07,346.35,1.5
379.07,346.35,1.5
379.06,346.36,1.5
379.07,346.36,1.5
379.06,346.35,1.5
379.05,346.35,1.5
379.05,346.34,1.5
379.05,346.34,1.5
379.04,346.34,1.5
379.04,346.34,1.5
379.04,346.33,1.5
379.04,346.33,1.5
379.04,346.33,1.5
379.03,346.32,1.5
379.04,346.32,1.5
379.04,346.32,1.5
379.05,346.31,1.5
379.05,346.31,1.5
379.06,346.31,1.5
379.05,346.31,1.5
379.06,346.29,1.5
379.08,346.26,1.5
379.07,346.25,1.5
379.07,346.25,1.5
379.08,346.25,1.5
379.07,346.24,1.5
379.06,346.25,1.5
379.06,346.26,1.5
379.06,346.27,1.5
379.07,346.27,1.5
379.07,346.27,1.5
379.06,346.26,1.5
379.06,346.25,1.5
379.06,346.25,1.5
379.05,346.25,1.5
379.04,346.25,1.5
379.04,346.24,1.5
379.04,346.23,1.5
379.03,346.23,1.5
379.03,346.22,1.5
379.02,346.22,1.5
379.02,346.21,1.5
378.95,346.17,1.5
378.84,346.09,1.5
378.73,346.02,1.5
378.67,345.99,1.5
378.64,345.99,1.5
378.62,345.99,1.5
378.58,345.97,1.5
378.53,345.93,1.5
378.46,345.84,1.5
378.4,345.74,1.5
378.32,345.69,1.5
378.23,345.65,1.5
378.19,345.59,1.5
378.17,345.52,1.5
378.15,345.46,1.5
378.09,345.38,1.5
377.95,345.25,1.5
377.75,345.1,1.5
377.55,345.02,1.5
377.38,345.02,1.5
377.24,345.04,1.5
377.1,345.05,1.5
376.98,345.04,1.5
376.82,344.99,1.5
376.65,344.93,1.5
376.47,344.85,1.5
376.28,344.77,1.5
376.08,344.68,1.5
375.88,344.59,1.5
375.69,344.48,1.5
375.5,344.39,1.5
375.31,344.3,1.5
375.12,344.2,1.5
374.94,344.09,1.5
374.76,343.99,1.5
374.58,343.89,1.5
374.41,343.79,1.5
374.23,343.7,1.5
374.04,343.63,1.5
373.84,343.59,1.5
373.65,343.61,1.5
373.44,343.61,1.5
373.23,343.56,1.5
373.02,343.48,1.5
372.8,343.39,1.5
372.57,343.3,1.5
372.33,343.23,1.5
372.09,343.18,1.5
371.86,343.16,1.5
371.74,343.17,1.5
371.73,343.16,1.5
371.74,343.14,1.5
371.73,343.07,1.5
371.68,342.97,1.5
371.59,342.86,1.5
371.44,342.77,1.5
371.27,342.63,1.5
371.08,342.53,1.5
370.84,342.48,1.5
370.57,342.44,1.5
370.29,342.38,1.5
370.01,342.29,1.5
369.75,342.25,1.5
369.52,342.22,1.5
369.3,342.17,1.5
369.09,342.12,1.5
368.9,342.1,1.5
368.7,342.07,1.5
368.52,342.01,1.5
368.35,341.94,1.5
368.21,341.9,1.5
368.04,341.9,1.5
367.86,341.83,1.5
367.68,341.73,1.5
367.51,341.6,1.5
367.35,341.46,1.5
367.18,341.32,1.5
367.01,341.2,1.5
366.84,341.07,1.5
366.68,340.95,1.5
366.52,340.84,1.5
366.37,340.73,1.5
366.2,340.63,1.5
366.01,340.54,1.5
365.82,340.44,1.5
365.62,340.33,1.5
365.41,340.2,1.5
365.19,340.07,1.5
364.98,339.95,1.5
364.78,339.84,1.5
364.59,339.7,1.5
364.41,339.56,1.5
364.22,339.43,1.5
364.04,339.31,1.5
363.85,339.2,1.5
363.65,339.11,1.5
363.42,339.02,1.5
363.18,338.95,1.5
362.95,338.87,1.5
362.74,338.77,1.5
362.53,338.66,1.5
362.33,338.56,1.5
362.13,338.45,1.5
361.93,338.34,1.5
361.72,338.23,1.5
361.53,338.09,1.5
361.32,337.94,1.5
361.1,337.81,1.5
360.89,337.68,1.5
360.69,337.55,1.5
360.48,337.43,1.5
360.29,337.3,1.5
360.09,337.17,1.5
359.9,337.04,1.5
359.71,336.91,1.5
359.51,336.78,1.5
359.31,336.66,1.5
359.1,336.54,1.5
358.89,336.42,1.5
358.68,336.3,1.5
358.47,336.17,1.5
358.26,336.05,1.5
358.05,335.93,1.5
357.84,335.81,1.5
357.63,335.7,1.5
357.42,335.58,1.5
357.2,335.47,1.5
356.98,335.36,1.5
356.75,335.22,1.5
356.52,335.09,1.5
356.3,334.96,1.5
356.07,334.85,1.5
355.84,334.73,1.5
355.61,334.6,1.5
355.39,334.48,1.5
355.17,334.37,1.5
354.95,334.25,1.5
354.73,334.13,1.5
354.51,334,1.5
354.29,333.88,1.5
354.07,333.75,1.5
353.85,333.64,1.5
353.62,333.52,1.5
353.38,333.42,1.5
353.15,333.31,1.5
352.92,333.2,1.5
352.7,333.1,1.5
352.48,332.99,1.5
352.26,332.87,1.5
352.03,332.75,1.5
351.8,332.62,1.5
351.55,332.49,1.5
351.31,332.36,1.5
351.08,332.24,1.5
350.85,332.14,1.5
350.63,332.03,1.5
350.42,331.91,1.5
350.21,331.78,1.5
350.01,331.66,1.5
349.82,331.54,1.5
349.62,331.42,1.5
349.42,331.29,1.5
349.21,331.17,1.5
349.01,331.05,1.5
348.81,330.92,1.5
348.6,330.79,1.5
348.4,330.66,1.5
348.22,330.53,1.5
348.02,330.41,1.5
347.82,330.28,1.5
347.6,330.15,1.5
347.38,330.02,1.5
347.15,329.9,1.5
346.92,329.79,1.5
346.7,329.68,1.5
346.48,329.56,1.5
346.27,329.43,1.5
346.07,329.29,1.5
345.87,329.16,1.5
345.67,329.03,1.5
345.48,328.9,1.5
345.29,328.76,1.5
345.09,328.62,1.5
344.88,328.49,1.5
344.68,328.35,1.5
344.48,328.22,1.5
344.28,328.09,1.5
344.07,327.96,1.5
343.86,327.83,1.5
343.65,327.7,1.5
343.44,327.56,1.5
343.22,327.41,1.5
343,327.27,1.5
342.78,327.14,1.5
342.57,327,1.5
342.36,326.86,1.5
342.14,326.73,1.5
341.92,326.59,1.5
341.71,326.46,1.5
341.5,326.32,1.5
341.28,326.19,1.5
341.06,326.06,1.5
340.84,325.93,1.5
340.61,325.79,1.5
340.39,325.66,1.5
340.15,325.55,1.5
339.94,325.43,1.5
339.83,325.26,1.5
339.81,325.11,1.5
339.84,325.09,1.5
339.83,325.12,1.5
339.73,325.14,1.5
339.57,325.11,1.5
339.39,325.02,1.5
339.16,324.91,1.5
338.89,324.79,1.5
338.62,324.67,1.5
