0.97
0.96
0.95
0.95
0.94
0.94
0.95
0.96
0.98
0.97
0.95
0.97
0.98
0.99
0.99
0.99
0.99
0.99
0.99
0.99
0.98
0.98
1.02
1.05
1.06
1.05
1.02
1
0.99
0.99
0.99
0.99
0.99
0.99
1
1
1
1
0.99
1
1
1
1
1.01
1.01
1.01
1.01
1.01
1.01
1.01
1.01
1.01
1.01
1.01
1.01
1.01
1.01
1.01
1.01
1.02
1.02
1.02
1.02
1.02
1.02
1.02
1.02
1.02
1.02
1.02
1.02
1.03
1.03
1.04
1.05
1.06
1.07
1.08
1.08
1.07
1.07
1.05
1.04
1.02
0.99
0.97
0.95
0.94
0.93
0.94
0.95
0.96
0.97
0.98
0.98
0.99
1
1.01
1
1.01
1.01
1.01
1.01
1.01
1.02
1.02
1.04
1.02
0.77
0.89
0.93
0.94
0.97
0.98
0.99
1
1.01
1.01
1.01
1.02
1.02
1.02
1.02
1.02
1.02
1.02
1.02
1.02
1.02
1.02
1.02
1.02
1.02
1.02
1.02
1.02
1.02
1.02
1.02
1.02
1.02
1.02
1.02
1.02
1.02
1
0.98
0.97
0.96
0.96
0.95
0.96
0.96
0.96
0.97
0.99
1.01
1.02
1.03
1.03
1.03
1.02
1.02
1.02
1.02
1.02
1.04
1.05
1
1.03
1.04
1.03
1.03
1.02
1.02
1.02
1.02
1.02
1.02
1.02
1.02
1.02
1.02
1.02
1.02
1.02
1.02
1.02
1.02
1.01
1.01
1
1
0.99
0.99
0.98
0.98
0.98
0.98
0.98
0.98
0.98
0.98
0.98
0.98
0.97
0.97
0.97
0.97
0.98
0.98
0.99
0.99
0.99
0.99
0.98
0.98
0.98
0.98
0.98
0.98
1
1.03
1.07
1.08
1.05
1.03
1.02
1.02
1.02
1.02
1.02
1.02
1.02
1.02
1.02
1.02
1.02
1.02
1.02
1.02
1.02
1.02
1.02
1.02
1.02
1.02
1.02
1.02
1.02
1.02
1.02
1.02
1.02
1.02
1.02
1.02
1.02
1.02
1.02
1.02
1.02
1.02
1.02
1.02
1.02
1.02
1.02
1.02
1.02
1.02
1.02
1.02
1.02
1.02
1.02
1.02
1.02
1.02
1.02
1.02
1.01
1.02
1.02
1.02
1.02
1.02
1.02
1.02
1.02
1.02
1.02
1.02
1.02
1.02
1.02
1.02
1.02
1.02
1.02
1.02
1.02
1.02
1.02
1.02
1.02
1.02
1.01
0.99
0.97
0.95
0.94
0.93
0.93
0.93
0.93
0.94
0.93
0.93
0.93
0.93
0.94
0.94
0.94
0.94
0.95
0.95
0.95
0.95
0.94
0.94
0.95
0.96
0.96
0.97
0.99
1.01
1
0.99
1.01
1.03
1.03
1.03
1.03
1.02
1.02
1.02
1.02
1.02
1.02
1.02
1.02
1.02
1.02
1.02
1.02
1.02
1.02
1.02
1.02
1.02
1.01
1
0.99
0.98
0.97
0.96
0.96
0.95
0.96
0.96
0.96
0.97
0.97
0.98
0.98
0.98
0.98
0.98
0.97
0.96
0.97
0.97
0.98
0.99
0.98
0.98
0.99
1
1
1.01
1.01
1.01
1.02
1.02
1.02
1.03
1.03
1.03
1.02
1.02
1.02
1.02
1.02
1.02
1.02
1.02
1.01
1
0.99
0.98
0.98
0.98
0.98
0.98
0.97
0.97
0.97
0.98
0.98
0.99
0.99
0.99
1
1
1
1.01
1.01
1.01
1.01
1.01
1.01
1.02
1.02
1.02
1.03
1.03
1.02
1.02
1.02
1.02
1.02
1.02
1.02
1.02
1.02
1.02
1.02
1.02
1.02
1.02
1.02
1.02
1.02
1.02
1.02
1.02
1.02
1.02
1.02
1.02
1.02
1.02
1.02
1.02
1.02
1.02
1.02
1.02
1.02
1.02
1.02
1.22
1.02
1.02
1.02
1.02
1.02
1.02
1.02
1.02
1.02
1.02
1.02
1.02
1.02
1.02
1.02
1.02
1.02
1.02
1.02
1.02
1.02
1.02
1.02
1.02
1.02
1.02
1.02
1.02
1.02
1.02
1.02
1.02
1.02
1.02
1.02
1.02
1.02
1.02
1.02
1.02
1.02
1.02
1.02
1.02
1.02
1.02
1.02
1.02
1.02
1.02
1.02
1.02
1.02
1.02
1.02
1.02
1.02
1.02
1.02
1.02
1.02
1.02
1.02
1.02
1.02
1.02
1.02
1.02
1.02
1.02
1.02
1.02
1.02
1.02
1.02
1.02
1.02
1.02
1.02
1.02
1.02
1.02
1.02
1.02
1.02
1.02
1.02
1.02
1.02
1.02
1.02
1.02
1.02
1.02
1.02
1.02
1.02
1.02
1.02
1.02
1.02
1.02
1.02
1.02
1.02
1.02
1.02
1.02
1.02
1.02
1.01
0.99
0.98
0.96
0.95
0.94
0.94
0.93
0.93
0.93
0.94
0.95
0.93
0.92
0.93
0.93
0.93
0.93
0.94
0.94
0.92
0.92
0.93
0.93
0.92
0.91
0.92
0.92
0.92
0.92
0.92
0.93
0.92
0.93
0.93
0.93
0.92
0.91
0.9
0.89
0.92
0.93
0.92
0.91
0.92
0.93
0.9
0.88
0.87
0.86
0.88
0.88
0.87
0.85
0.84
0.84
0.84
0.84
0.82
0.82
0.84
0.86
0.85
0.84
0.82
0.8
0.81
0.82
0.81
0.8
0.82
0.82
0.74
0.7
0.77
0.81
0.78
0.76
0.77
0.78
0.8
0.8
0.76
0.73
0.74
0.75
0.75
0.75
0.81
0.84
0.78
0.75
0.75
0.74
0.78
0.8
0.75
0.78
0.81
0.84
0.9
0.78
0.74
0.74
0.75
0.15
0.73
0.72
0.73
0.73
0.74
0.74
0.71
0.69
0.72
0.75
0.73
0.71
0.73
0.75
0.75
0.75
0.78
0.8
0.8
0.81
0.8
0.8
0.79
0.77
0.76
0.75
0.8
0.84
0.83
0.83
0.83
0.83
0.79
0.77
0.76
0.76
0.79
0.81
0.79
0.78
0.78
0.78
0.79
0.8
0.79
0.78
0.79
0.79
0.77
0.76
0.74
0.73
0.74
0.75
0.76
0.76
0.8
0.82
0.75
0.72
0.78
0.81
0.77
0.74
0.74
0.74
0.75
0.76
0.72
0.69
0.69
0.69
0.7
0.71
0.77
0.8
0.75
0.72
0.71
0.72
0.77
0.8
0.76
0.74
0.73
0.74
0.71
0.7
0.71
0.71
0.74
0.77
0.79
0.81
0.81
0.78
0.75
0.73
0.71
0.7
0.64
0.62
0.62
0.65
0.72
0.3
0.73
0.75
0.76
0.84
0.18
0.88
0.91
0.92
0.93
0.93
0.91
0.9
0.91
0.92
0.91
0.9
0.9
0.9
0.9
0.9
0.9
0.9
0.88
0.87
0.85
0.84
0.82
0.81
0.8
0.8
0.84
0.87
0.85
0.84
0.84
0.84
0.81
0.79
0.79
0.8
0.83
0.85
0.84
0.82
0.81
0.81
0.84
0.86
0.85
0.84
0.84
0.85
0.82
0.81
0.79
0.78
0.81
0.83
0.85
0.86
0.9
0.92
0.86
0.82
0.88
0.91
0.89
0.87
0.87
0.88
0.9
0.91
0.89
0.87
0.86
0.85
0.82
0.8
0.83
0.85
0.81
0.79
0.8
0.81
0.87
0.91
0.88
0.85
0.83
0.82
0.8
0.8
0.81
0.82
0.85
0.87
0.9
0.92
0.95
0.97
0.97
0.97
0.95
0.93
0.9
0.88
0.89
0.89
0.93
0.95
0.94
0.93
0.95
0.97
0.99
1
0.97
0.96
0.96
0.96
0.97
0.97
0.95
0.94
0.94
0.95
0.96
0.96
0.97
0.98
0.97
0.97
0.96
0.96
0.96
0.96
0.97
0.97
0.97
0.97
0.95
0.93
0.95
0.96
0.97
0.77
0.96
0.99
1.01
0.41
0.97
0.9
0.86
0.51
0.85
0.85
0.88
0.9
0.89
0.88
0.85
0.83
0.83
0.83
0.82
0.83
0.85
0.86
0.86
0.85
0.85
0.85
0.85
0.85
0.84
0.84
0.83
0.83
0.82
0.82
0.84
0.85
0.85
0.84
0.84
0.84
0.83
0.82
0.82
0.82
0.84
0.85
0.85
0.86
0.87
0.89
0.9
0.9
0.87
0.86
0.75
0.27
0.36
0.49
0.65
0.73
0.63
0.3
0.48
0.57
0.79
0.9
0.83
0.78
0.69
0.61
0.69
0.67
0.73
0.79
0.82
0.85
0.81
0.75
0.58
0.6
0.69
0.69
0.76
0.82
0.77
0.77
0.79
0.8
0.85
0.88
0.86
0.86
0.86
0.86
0.85
0.85
0.84
0.83
0.86
0.88
0.9
0.55
0.92
0.94
0.95
0.38
0.99
1.03
1.04
1.03
1.02
1.02
1.02
1.02
1.02
1.02
1.02
1.02
1.02
1.02
1.02
1.01
1.01
1
1
0.99
0.99
0.99
0.98
0.98
0.97
0.98
1
0.97
0.8
0.93
0.94
0.94
0.93
0.91
0.91
0.91
0.93
0.94
0.94
0.93
0.8
0.95
0.92
0.91
0.91
0.91
0.92
0.92
0.91
0.9
0.89
0.89
0.9
0.91
0.91
0.92
0.95
0.97
0.94
0.91
0.94
0.96
0.94
0.95
0.95
0.94
0.95
0.95
0.92
0.91
0.91
0.91
0.91
0.94
0.99
1.02
1.02
1.01
1
