175.08,514.83,1.5
175.31,514.74,1.5
175.54,514.64,1.5
175.78,514.53,1.5
176.01,514.42,1.5
176.25,514.3,1.5
176.49,514.18,1.5
176.72,514.06,1.5
176.96,513.94,1.5
177.2,513.81,1.5
177.44,513.69,1.5
177.68,513.56,1.5
177.92,513.43,1.5
178.15,513.29,1.5
178.38,513.13,1.5
178.6,512.95,1.5
178.78,512.74,1.5
178.92,512.53,1.5
179.07,512.38,1.5
179.24,512.23,1.5
179.36,512.04,1.5
179.46,511.83,1.5
179.51,511.65,1.5
179.58,511.53,1.5
179.74,511.49,1.5
179.95,511.52,1.5
180.17,511.55,1.5
180.41,511.53,1.5
180.64,511.45,1.5
180.85,511.33,1.5
181.04,511.16,1.5
181.21,510.99,1.5
181.34,510.81,1.5
181.48,510.64,1.5
181.65,510.5,1.5
181.83,510.4,1.5
182.03,510.32,1.5
182.24,510.24,1.5
182.46,510.15,1.5
182.67,510.06,1.5
182.87,509.97,1.5
183.06,509.88,1.5
183.22,509.8,1.5
183.37,509.72,1.5
183.51,509.65,1.5
183.65,509.59,1.5
183.78,509.53,1.5
183.93,509.48,1.5
184.09,509.42,1.5
184.26,509.36,1.5
184.42,509.29,1.5
184.59,509.2,1.5
184.78,509.1,1.5
184.95,508.99,1.5
185.11,508.88,1.5
185.27,508.76,1.5
185.42,508.64,1.5
185.57,508.52,1.5
185.72,508.41,1.5
185.85,508.29,1.5
186,508.19,1.5
186.15,508.1,1.5
186.3,508,1.5
186.46,507.9,1.5
186.63,507.82,1.5
186.82,507.71,1.5
187.02,507.6,1.5
187.23,507.5,1.5
187.43,507.39,1.5
187.63,507.29,1.5
187.83,507.21,1.5
188.02,507.14,1.5
188.22,507.08,1.5
188.42,507.02,1.5
188.62,506.97,1.5
188.84,506.89,1.5
189.06,506.78,1.5
189.28,506.65,1.5
189.46,506.51,1.5
189.62,506.35,1.5
189.81,506.22,1.5
190.02,506.1,1.5
190.25,505.98,1.5
190.49,505.85,1.5
190.74,505.72,1.5
191,505.6,1.5
191.24,505.48,1.5
191.48,505.35,1.5
191.72,505.21,1.5
191.95,505.06,1.5
192.18,504.88,1.5
192.38,504.68,1.5
192.52,504.46,1.5
192.66,504.22,1.5
192.85,504.01,1.5
193.05,503.82,1.5
193.26,503.63,1.5
193.48,503.45,1.5
193.7,503.27,1.5
193.93,503.07,1.5
194.12,502.85,1.5
194.24,502.6,1.5
194.39,502.36,1.5
194.58,502.17,1.5
194.78,502.01,1.5
194.99,501.85,1.5
195.21,501.7,1.5
195.43,501.56,1.5
195.64,501.4,1.5
195.85,501.23,1.5
196.05,501.04,1.5
196.25,500.86,1.5
196.46,500.69,1.5
196.68,500.52,1.5
196.9,500.36,1.5
197.12,500.22,1.5
197.35,500.07,1.5
197.58,499.91,1.5
197.81,499.75,1.5
198.02,499.6,1.5
198.25,499.45,1.5
198.47,499.32,1.5
198.69,499.18,1.5
198.92,499.05,1.5
199.14,498.92,1.5
199.36,498.77,1.5
199.58,498.62,1.5
199.79,498.45,1.5
199.99,498.29,1.5
200.2,498.13,1.5
200.39,497.96,1.5
200.58,497.79,1.5
200.76,497.64,1.5
200.93,497.49,1.5
201.1,497.36,1.5
201.28,497.23,1.5
201.46,497.12,1.5
201.64,497.01,1.5
201.84,496.9,1.5
202.03,496.79,1.5
202.22,496.68,1.5
202.41,496.57,1.5
202.6,496.47,1.5
202.8,496.36,1.5
203.01,496.26,1.5
203.22,496.15,1.5
203.43,496.02,1.5
203.63,495.89,1.5
203.83,495.75,1.5
204.02,495.62,1.5
204.2,495.5,1.5
204.39,495.38,1.5
204.58,495.26,1.5
204.77,495.13,1.5
204.95,495.01,1.5
205.14,494.89,1.5
205.32,494.76,1.5
205.5,494.64,1.5
205.67,494.5,1.5
205.84,494.36,1.5
206.01,494.21,1.5
206.18,494.07,1.5
206.34,493.93,1.5
206.52,493.79,1.5
206.7,493.66,1.5
206.9,493.52,1.5
207.09,493.37,1.5
207.28,493.23,1.5
207.46,493.08,1.5
207.64,492.94,1.5
207.82,492.8,1.5
208,492.67,1.5
208.19,492.53,1.5
208.37,492.39,1.5
208.54,492.25,1.5
208.72,492.12,1.5
208.9,491.99,1.5
209.09,491.87,1.5
209.27,491.75,1.5
209.45,491.63,1.5
209.62,491.5,1.5
209.78,491.37,1.5
209.93,491.24,1.5
210.08,491.11,1.5
210.23,490.97,1.5
210.38,490.82,1.5
210.52,490.68,1.5
210.65,490.55,1.5
210.79,490.44,1.5
210.92,490.33,1.5
211.05,490.23,1.5
211.19,490.14,1.5
211.33,490.05,1.5
211.47,489.95,1.5
211.6,489.85,1.5
211.75,489.76,1.5
211.92,489.66,1.5
212.08,489.55,1.5
212.24,489.45,1.5
212.4,489.34,1.5
212.57,489.23,1.5
212.76,489.12,1.5
212.96,489,1.5
213.16,488.88,1.5
213.36,488.76,1.5
213.56,488.65,1.5
213.76,488.52,1.5
213.96,488.4,1.5
214.13,488.27,1.5
214.31,488.14,1.5
214.5,488,1.5
214.67,487.87,1.5
214.84,487.74,1.5
215.02,487.63,1.5
215.21,487.52,1.5
215.4,487.42,1.5
215.58,487.33,1.5
215.77,487.23,1.5
215.97,487.13,1.5
216.17,487.02,1.5
216.37,486.9,1.5
216.56,486.8,1.5
216.76,486.69,1.5
216.95,486.58,1.5
217.15,486.46,1.5
217.36,486.34,1.5
217.57,486.23,1.5
217.79,486.11,1.5
218.01,486,1.5
218.22,485.89,1.5
218.44,485.79,1.5
218.66,485.68,1.5
218.88,485.57,1.5
219.09,485.46,1.5
219.31,485.35,1.5
219.52,485.25,1.5
219.74,485.15,1.5
219.95,485.05,1.5
220.16,484.95,1.5
220.37,484.85,1.5
220.57,484.76,1.5
220.77,484.66,1.5
220.98,484.57,1.5
221.19,484.47,1.5
221.4,484.38,1.5
221.61,484.28,1.5
221.81,484.18,1.5
222.01,484.07,1.5
222.23,483.95,1.5
222.43,483.82,1.5
222.57,483.66,1.5
222.71,483.5,1.5
222.88,483.36,1.5
223.06,483.24,1.5
223.25,483.13,1.5
223.44,483,1.5
223.64,482.86,1.5
223.85,482.72,1.5
224.06,482.59,1.5
224.28,482.44,1.5
224.49,482.3,1.5
224.7,482.15,1.5
224.87,482,1.5
225.05,481.85,1.5
225.24,481.71,1.5
225.44,481.57,1.5
225.63,481.43,1.5
225.83,481.29,1.5
226.02,481.14,1.5
226.22,480.97,1.5
226.4,480.78,1.5
226.57,480.63,1.5
226.73,480.52,1.5
226.86,480.41,1.5
226.99,480.32,1.5
227.05,480.21,1.5
227.11,480.07,1.5
227.21,479.96,1.5
227.33,479.87,1.5
227.48,479.79,1.5
227.66,479.71,1.5
227.85,479.64,1.5
228.06,479.56,1.5
228.27,479.47,1.5
228.47,479.37,1.5
228.67,479.27,1.5
228.86,479.15,1.5
229.05,479.03,1.5
229.23,478.87,1.5
229.4,478.72,1.5
229.55,478.56,1.5
229.64,478.37,1.5
229.74,478.16,1.5
229.88,477.99,1.5
230.04,477.85,1.5
230.21,477.72,1.5
230.39,477.59,1.5
230.57,477.45,1.5
230.75,477.31,1.5
230.95,477.17,1.5
231.16,477.03,1.5
231.37,476.89,1.5
231.58,476.75,1.5
231.79,476.59,1.5
232,476.44,1.5
232.19,476.29,1.5
232.42,476.11,1.5
232.61,475.98,1.5
232.8,475.87,1.5
233,475.76,1.5
233.21,475.65,1.5
233.43,475.54,1.5
233.65,475.42,1.5
233.88,475.3,1.5
234.1,475.18,1.5
234.31,475.07,1.5
234.53,474.96,1.5
234.74,474.86,1.5
234.96,474.75,1.5
235.17,474.62,1.5
235.37,474.49,1.5
235.57,474.37,1.5
235.77,474.25,1.5
235.96,474.14,1.5
236.16,474.02,1.5
236.35,473.89,1.5
236.52,473.76,1.5
236.7,473.62,1.5
236.89,473.5,1.5
237.07,473.37,1.5
237.25,473.23,1.5
237.43,473.1,1.5
237.61,472.96,1.5
237.78,472.82,1.5
237.96,472.68,1.5
238.14,472.53,1.5
238.31,472.38,1.5
238.47,472.22,1.5
238.63,472.08,1.5
238.79,471.94,1.5
238.96,471.81,1.5
239.13,471.67,1.5
239.3,471.52,1.5
239.47,471.37,1.5
239.63,471.23,1.5
239.8,471.1,1.5
239.97,470.96,1.5
240.15,470.83,1.5
240.32,470.7,1.5
240.5,470.55,1.5
240.67,470.4,1.5
240.85,470.26,1.5
241.04,470.13,1.5
241.22,469.99,1.5
241.39,469.84,1.5
241.58,469.66,1.5
241.78,469.5,1.5
241.96,469.34,1.5
242.13,469.17,1.5
242.28,469.01,1.5
242.42,468.85,1.5
242.56,468.69,1.5
242.7,468.53,1.5
242.85,468.37,1.5
242.99,468.21,1.5
243.13,468.05,1.5
243.27,467.89,1.5
243.41,467.73,1.5
243.57,467.58,1.5
243.73,467.44,1.5
243.88,467.31,1.5
244.05,467.19,1.5
244.23,467.08,1.5
244.39,466.95,1.5
244.55,466.83,1.5
244.73,466.72,1.5
244.91,466.6,1.5
245.1,466.48,1.5
245.3,466.36,1.5
245.49,466.24,1.5
245.67,466.13,1.5
245.86,466,1.5
246.04,465.86,1.5
246.22,465.75,1.5
246.4,465.64,1.5
246.59,465.53,1.5
246.77,465.43,1.5
246.95,465.33,1.5
247.13,465.23,1.5
247.29,465.12,1.5
247.46,465.02,1.5
247.62,464.92,1.5
247.78,464.82,1.5
247.95,464.72,1.5
248.11,464.63,1.5
248.25,464.54,1.5
248.38,464.45,1.5
248.52,464.37,1.5
248.67,464.29,1.5
248.82,464.22,1.5
248.97,464.15,1.5
249.1,464.06,1.5
249.24,463.96,1.5
249.38,463.88,1.5
249.52,463.81,1.5
249.67,463.73,1.5
249.81,463.63,1.5
249.95,463.51,1.5
250.07,463.38,1.5
250.2,463.24,1.5
250.34,463.12,1.5
250.48,463.01,1.5
250.62,462.91,1.5
250.75,462.83,1.5
250.86,462.75,1.5
251,462.67,1.5
251.14,462.59,1.5
251.29,462.48,1.5
251.45,462.35,1.5
251.6,462.25,1.5
251.77,462.16,1.5
251.92,462.06,1.5
252.08,461.96,1.5
252.24,461.86,1.5
252.41,461.76,1.5
252.58,461.64,1.5
252.75,461.51,1.5
252.9,461.41,1.5
253.04,461.32,1.5
253.18,461.22,1.5
253.32,461.12,1.5
253.47,461.02,1.5
253.6,460.92,1.5
253.75,460.82,1.5
253.9,460.73,1.5
254.05,460.65,1.5
254.2,460.57,1.5
254.37,460.51,1.5
254.54,460.46,1.5
254.71,460.4,1.5
254.87,460.34,1.5
255.04,460.28,1.5
255.2,460.22,1.5
255.35,460.15,1.5
255.49,460.07,1.5
255.63,460,1.5
255.78,459.93,1.5
255.94,459.85,1.5
256.1,459.78,1.5
256.27,459.72,1.5
256.45,459.67,1.5
256.61,459.6,1.5
256.77,459.51,1.5
256.94,459.43,1.5
257.1,459.36,1.5
257.26,459.27,1.5
257.42,459.16,1.5
257.59,459.08,1.5
257.76,459.03,1.5
257.93,458.98,1.5
258.1,458.93,1.5
258.29,458.85,1.5
258.5,458.76,1.5
258.71,458.7,1.5
258.93,458.65,1.5
259.15,458.6,1.5
259.37,458.56,1.5
259.59,458.51,1.5
259.79,458.46,1.5
259.99,458.41,1.5
260.18,458.35,1.5
260.38,458.31,1.5
260.59,458.26,1.5
260.78,458.21,1.5
260.97,458.15,1.5
261.17,458.11,1.5
261.38,458.07,1.5
261.6,458.04,1.5
261.81,458.02,1.5
262.02,457.99,1.5
262.22,457.94,1.5
262.43,457.91,1.5
262.64,457.88,1.5
262.85,457.85,1.5
263.07,457.81,1.5
263.29,457.78,1.5
263.5,457.75,1.5
263.71,457.72,1.5
263.91,457.7,1.5
264.12,457.67,1.5
264.33,457.63,1.5
264.55,457.58,1.5
264.77,457.54,1.5
265,457.5,1.5
265.22,457.46,1.5
265.46,457.42,1.5
265.7,457.38,1.5
265.94,457.35,1.5
266.17,457.33,1.5
266.4,457.3,1.5
266.63,457.28,1.5
266.87,457.26,1.5
267.1,457.25,1.5
267.33,457.23,1.5
267.55,457.23,1.5
267.77,457.23,1.5
268,457.23,1.5
268.23,457.22,1.5
268.45,457.21,1.5
268.68,457.17,1.5
268.91,457.14,1.5
269.13,457.1,1.5
269.35,457.06,1.5
269.57,457.04,1.5
269.78,457.03,1.5
269.99,457.02,1.5
270.2,457,1.5
270.42,456.98,1.5
270.64,456.96,1.5
270.86,456.93,1.5
271.08,456.9,1.5
271.3,456.87,1.5
271.52,456.83,1.5
271.73,456.81,1.5
271.94,456.79,1.5
272.15,456.78,1.5
272.36,456.76,1.5
272.57,456.76,1.5
272.78,456.76,1.5
273,456.75,1.5
273.21,456.73,1.5
273.43,456.71,1.5
273.64,456.7,1.5
273.85,456.68,1.5
274.06,456.66,1.5
274.27,456.63,1.5
274.49,456.59,1.5
274.72,456.54,1.5
274.96,456.5,1.5
275.21,456.46,1.5
275.47,456.43,1.5
275.72,456.4,1.5
275.97,456.38,1.5
276.21,456.36,1.5
276.46,456.35,1.5
276.7,456.35,1.5
276.94,456.36,1.5
277.19,456.36,1.5
277.45,456.37,1.5
277.69,456.37,1.5
277.93,456.37,1.5
278.18,456.37,1.5
278.42,456.38,1.5
278.67,456.39,1.5
278.93,456.4,1.5
279.18,456.42,1.5
279.44,456.44,1.5
279.7,456.45,1.5
279.95,456.47,1.5
280.22,456.48,1.5
280.48,456.5,1.5
280.75,456.51,1.5
281.02,456.52,1.5
281.29,456.54,1.5
281.56,456.55,1.5
281.83,456.58,1.5
282.1,456.61,1.5
282.36,456.65,1.5
282.63,456.7,1.5
282.9,456.74,1.5
283.16,456.79,1.5
283.43,456.83,1.5
283.7,456.87,1.5
283.97,456.92,1.5
284.23,456.97,1.5
284.49,457.02,1.5
284.76,457.08,1.5
285.02,457.14,1.5
285.28,457.2,1.5
285.54,457.26,1.5
285.8,457.32,1.5
286.07,457.38,1.5
286.33,457.44,1.5
286.59,457.5,1.5
286.85,457.56,1.5
287.11,457.62,1.5
287.38,457.68,1.5
287.64,457.73,1.5
287.9,457.79,1.5
288.16,457.85,1.5
288.42,457.91,1.5
288.69,457.97,1.5
288.95,458.03,1.5
289.21,458.08,1.5
289.47,458.14,1.5
289.73,458.2,1.5
289.99,458.26,1.5
290.25,458.31,1.5
290.5,458.37,1.5
290.75,458.43,1.5
291,458.48,1.5
291.25,458.54,1.5
291.49,458.59,1.5
291.74,458.65,1.5
291.98,458.7,1.5
292.22,458.75,1.5
292.47,458.79,1.5
292.72,458.82,1.5
292.97,458.85,1.5
293.22,458.88,1.5
293.47,458.91,1.5
293.72,458.92,1.5
293.97,458.92,1.5
294.22,458.91,1.5
294.47,458.9,1.5
294.71,458.89,1.5
294.96,458.9,1.5
295.22,458.9,1.5
295.47,458.9,1.5
295.73,458.9,1.5
295.98,458.9,1.5
296.22,458.9,1.5
296.47,458.9,1.5
296.71,458.9,1.5
296.96,458.9,1.5
297.2,458.9,1.5
297.44,458.9,1.5
297.68,458.9,1.5
297.93,458.89,1.5
298.17,458.88,1.5
298.42,458.86,1.5
298.66,458.83,1.5
298.9,458.8,1.5
299.14,458.76,1.5
299.37,458.73,1.5
299.61,458.71,1.5
299.85,458.69,1.5
300.09,458.68,1.5
300.33,458.66,1.5
300.56,458.64,1.5
300.78,458.62,1.5
301,458.58,1.5
301.21,458.53,1.5
301.42,458.48,1.5
301.62,458.41,1.5
301.81,458.33,1.5
302,458.23,1.5
302.16,458.12,1.5
302.32,457.98,1.5
302.46,457.83,1.5
302.6,457.67,1.5
302.71,457.5,1.5
302.82,457.31,1.5
302.94,457.12,1.5
303.06,456.94,1.5
303.18,456.77,1.5
303.3,456.62,1.5
303.44,456.47,1.5
303.57,456.33,1.5
303.69,456.19,1.5
303.8,456.05,1.5
303.91,455.91,1.5
304.01,455.77,1.5
304.12,455.62,1.5
304.22,455.47,1.5
304.32,455.29,1.5
304.43,455.1,1.5
304.56,454.9,1.5
304.7,454.7,1.5
304.82,454.5,1.5
304.93,454.31,1.5
305.05,454.13,1.5
305.18,453.98,1.5
305.32,453.84,1.5
305.48,453.72,1.5
305.64,453.59,1.5
305.82,453.45,1.5
306,453.31,1.5
306.16,453.15,1.5
306.32,453.01,1.5
306.49,452.87,1.5
306.68,452.72,1.5
306.86,452.57,1.5
307.02,452.41,1.5
307.16,452.26,1.5
307.31,452.1,1.5
307.45,451.94,1.5
307.58,451.79,1.5
307.71,451.65,1.5
307.83,451.53,1.5
307.93,451.41,1.5
308.04,451.3,1.5
308.16,451.2,1.5
308.3,451.08,1.5
308.45,450.96,1.5
308.62,450.83,1.5
308.81,450.69,1.5
308.99,450.56,1.5
309.15,450.42,1.5
309.31,450.29,1.5
309.47,450.17,1.5
309.66,450.05,1.5
309.85,449.92,1.5
310.03,449.79,1.5
310.22,449.66,1.5
310.4,449.53,1.5
310.57,449.39,1.5
310.75,449.24,1.5
310.93,449.09,1.5
311.11,448.94,1.5
311.3,448.8,1.5
311.5,448.66,1.5
311.71,448.52,1.5
311.92,448.36,1.5
312.12,448.2,1.5
312.33,448.04,1.5
312.53,447.9,1.5
312.74,447.76,1.5
312.94,447.63,1.5
313.13,447.51,1.5
313.33,447.39,1.5
313.53,447.26,1.5
313.74,447.12,1.5
313.94,446.99,1.5
314.14,446.86,1.5
314.35,446.73,1.5
314.57,446.61,1.5
314.78,446.5,1.5
314.99,446.39,1.5
315.21,446.28,1.5
315.43,446.16,1.5
315.65,446.04,1.5
315.86,445.93,1.5
316.07,445.82,1.5
316.27,445.71,1.5
316.47,445.58,1.5
316.67,445.46,1.5
316.88,445.34,1.5
317.09,445.22,1.5
317.31,445.1,1.5
317.53,444.98,1.5
317.76,444.86,1.5
318,444.74,1.5
318.24,444.62,1.5
318.48,444.51,1.5
318.73,444.42,1.5
318.98,444.34,1.5
319.24,444.25,1.5
319.49,444.17,1.5
319.75,444.09,1.5
320.01,444.02,1.5
320.27,443.95,1.5
320.53,443.87,1.5
320.79,443.8,1.5
321.06,443.73,1.5
321.32,443.66,1.5
321.58,443.59,1.5
321.84,443.51,1.5
322.1,443.43,1.5
322.36,443.36,1.5
322.63,443.28,1.5
322.89,443.19,1.5
323.15,443.12,1.5
323.41,443.05,1.5
323.67,442.98,1.5
323.93,442.91,1.5
324.19,442.84,1.5
324.45,442.77,1.5
324.72,442.71,1.5
324.98,442.64,1.5
325.24,442.57,1.5
325.49,442.51,1.5
325.74,442.45,1.5
325.99,442.4,1.5
326.24,442.35,1.5
326.5,442.29,1.5
326.74,442.24,1.5
326.99,442.2,1.5
327.24,442.15,1.5
327.48,442.11,1.5
327.73,442.07,1.5
327.98,442.03,1.5
328.23,441.99,1.5
328.48,441.95,1.5
328.73,441.91,1.5
328.99,441.86,1.5
329.24,441.81,1.5
329.5,441.74,1.5
329.77,441.67,1.5
330.03,441.61,1.5
330.3,441.53,1.5
330.58,441.45,1.5
330.85,441.36,1.5
331.12,441.24,1.5
331.39,441.12,1.5
331.64,441,1.5
331.88,440.89,1.5
332.13,440.78,1.5
332.38,440.68,1.5
332.63,440.58,1.5
332.88,440.48,1.5
333.13,440.39,1.5
333.37,440.31,1.5
333.62,440.27,1.5
333.87,440.25,1.5
334.12,440.24,1.5
334.38,440.23,1.5
334.63,440.2,1.5
334.89,440.15,1.5
335.15,440.09,1.5
335.41,440.03,1.5
335.67,439.96,1.5
335.92,439.91,1.5
336.17,439.85,1.5
336.43,439.83,1.5
336.68,439.84,1.5
336.93,439.86,1.5
337.17,439.89,1.5
337.42,439.93,1.5
337.66,439.97,1.5
337.9,440.01,1.5
338.14,440.05,1.5
338.38,440.09,1.5
338.62,440.14,1.5
338.86,440.19,1.5
339.1,440.23,1.5
339.34,440.27,1.5
339.58,440.31,1.5
339.83,440.35,1.5
340.08,440.39,1.5
340.32,440.42,1.5
340.57,440.47,1.5
340.81,440.51,1.5
341.07,440.54,1.5
341.34,440.57,1.5
341.61,440.59,1.5
341.88,440.6,1.5
342.16,440.6,1.5
342.43,440.6,1.5
342.7,440.6,1.5
342.95,440.62,1.5
343.2,440.66,1.5
343.45,440.71,1.5
343.69,440.77,1.5
343.93,440.83,1.5
344.17,440.89,1.5
344.41,440.95,1.5
344.65,440.99,1.5
344.89,441.03,1.5
345.14,441.07,1.5
345.39,441.08,1.5
345.65,441.07,1.5
345.91,441.04,1.5
346.16,441.04,1.5
346.41,441.02,1.5
346.65,440.93,1.5
346.89,440.81,1.5
347.1,440.67,1.5
347.29,440.5,1.5
347.48,440.33,1.5
347.68,440.18,1.5
347.87,440.02,1.5
348.06,439.85,1.5
348.25,439.66,1.5
348.43,439.46,1.5
348.6,439.27,1.5
348.76,439.07,1.5
348.91,438.87,1.5
349.05,438.68,1.5
349.19,438.47,1.5
349.33,438.27,1.5
349.46,438.07,1.5
349.6,437.88,1.5
349.75,437.69,1.5
349.9,437.49,1.5
350.04,437.29,1.5
350.16,437.1,1.5
350.29,436.91,1.5
350.42,436.73,1.5
350.54,436.53,1.5
350.65,436.34,1.5
350.74,436.14,1.5
350.85,435.95,1.5
350.94,435.76,1.5
350.97,435.59,1.5
350.92,435.46,1.5
350.91,435.34,1.5
351.01,435.25,1.5
351.19,435.22,1.5
351.42,435.21,1.5
351.66,435.24,1.5
351.92,435.3,1.5
352.18,435.37,1.5
352.44,435.45,1.5
352.7,435.54,1.5
352.95,435.64,1.5
353.2,435.74,1.5
353.45,435.83,1.5
353.7,435.93,1.5
353.95,436.02,1.5
354.21,436.11,1.5
354.46,436.2,1.5
354.71,436.29,1.5
354.96,436.39,1.5
355.21,436.49,1.5
355.46,436.59,1.5
355.71,436.69,1.5
355.96,436.79,1.5
356.2,436.9,1.5
356.45,437.01,1.5
356.7,437.12,1.5
356.94,437.23,1.5
357.19,437.34,1.5
357.43,437.45,1.5
357.68,437.56,1.5
357.92,437.68,1.5
358.16,437.79,1.5
358.4,437.91,1.5
358.65,438.02,1.5
358.89,438.14,1.5
359.13,438.26,1.5
359.37,438.37,1.5
359.61,438.49,1.5
359.86,438.61,1.5
360.1,438.73,1.5
360.34,438.84,1.5
360.58,438.96,1.5
360.82,439.08,1.5
361.06,439.2,1.5
361.3,439.32,1.5
361.54,439.44,1.5
361.78,439.56,1.5
362.02,439.68,1.5
362.26,439.8,1.5
362.5,439.92,1.5
362.74,440.04,1.5
362.98,440.16,1.5
363.22,440.29,1.5
363.46,440.41,1.5
363.7,440.53,1.5
363.94,440.65,1.5
364.18,440.77,1.5
364.42,440.9,1.5
364.65,441.02,1.5
364.89,441.14,1.5
365.13,441.26,1.5
365.37,441.39,1.5
365.61,441.51,1.5
365.85,441.63,1.5
366.09,441.76,1.5
366.32,441.88,1.5
366.56,442,1.5
366.8,442.13,1.5
367.04,442.25,1.5
367.28,442.37,1.5
367.52,442.5,1.5
367.75,442.62,1.5
367.99,442.75,1.5
368.23,442.87,1.5
368.47,442.99,1.5
368.71,443.12,1.5
368.94,443.24,1.5
369.18,443.37,1.5
369.42,443.49,1.5
369.66,443.62,1.5
369.9,443.74,1.5
370.13,443.87,1.5
370.37,443.99,1.5
370.61,444.12,1.5
370.85,444.24,1.5
371.08,444.37,1.5
371.32,444.49,1.5
371.56,444.62,1.5
371.8,444.74,1.5
372.03,444.87,1.5
372.27,445,1.5
372.51,445.12,1.5
372.75,445.25,1.5
372.98,445.37,1.5
373.22,445.5,1.5
373.46,445.62,1.5
373.69,445.75,1.5
373.93,445.88,1.5
374.17,446,1.5
374.41,446.13,1.5
374.64,446.25,1.5
374.88,446.38,1.5
375.12,446.51,1.5
375.35,446.63,1.5
375.59,446.76,1.5
375.83,446.88,1.5
376.07,447.01,1.5
376.3,447.14,1.5
376.54,447.26,1.5
376.78,447.39,1.5
377.01,447.52,1.5
377.25,447.64,1.5
377.49,447.77,1.5
377.72,447.9,1.5
377.96,448.02,1.5
378.2,448.15,1.5
378.43,448.28,1.5
378.67,448.4,1.5
378.91,448.53,1.5
379.14,448.66,1.5
379.38,448.78,1.5
379.62,448.91,1.5
379.85,449.04,1.5
380.09,449.16,1.5
380.33,449.29,1.5
380.56,449.42,1.5
380.8,449.55,1.5
381.04,449.67,1.5
381.27,449.8,1.5
381.51,449.93,1.5
381.75,450.05,1.5
381.98,450.18,1.5
382.22,450.31,1.5
382.46,450.44,1.5
382.69,450.56,1.5
382.93,450.69,1.5
383.17,450.82,1.5
383.4,450.94,1.5
383.64,451.07,1.5
383.87,451.2,1.5
384.11,451.33,1.5
384.35,451.45,1.5
384.58,451.58,1.5
384.82,451.71,1.5
385.06,451.84,1.5
385.29,451.96,1.5
385.53,452.09,1.5
385.77,452.22,1.5
386,452.35,1.5
386.24,452.47,1.5
386.47,452.6,1.5
386.71,452.73,1.5
386.95,452.86,1.5
387.18,452.98,1.5
387.42,453.11,1.5
387.66,453.24,1.5
387.89,453.37,1.5
388.13,453.49,1.5
388.37,453.62,1.5
388.6,453.75,1.5
388.84,453.88,1.5
389.07,454,1.5
389.31,454.13,1.5
389.55,454.26,1.5
389.78,454.39,1.5
390.02,454.51,1.5
390.26,454.64,1.5
390.49,454.77,1.5
390.73,454.9,1.5
390.96,455.03,1.5
391.2,455.15,1.5
391.44,455.28,1.5
391.67,455.41,1.5
391.91,455.54,1.5
392.15,455.66,1.5
392.38,455.79,1.5
392.62,455.92,1.5
392.85,456.05,1.5
393.09,456.17,1.5
393.33,456.3,1.5
393.56,456.43,1.5
393.8,456.56,1.5
394.03,456.69,1.5
394.27,456.81,1.5
394.51,456.94,1.5
394.74,457.07,1.5
394.98,457.2,1.5
395.22,457.32,1.5
395.45,457.45,1.5
395.69,457.58,1.5
395.92,457.71,1.5
396.16,457.83,1.5
396.4,457.96,1.5
396.63,458.09,1.5
396.87,458.22,1.5
397.11,458.35,1.5
397.34,458.47,1.5
397.58,458.6,1.5
397.81,458.73,1.5
398.05,458.86,1.5
398.29,458.98,1.5
398.52,459.11,1.5
398.76,459.24,1.5
399,459.37,1.5
399.23,459.49,1.5
399.47,459.62,1.5
399.7,459.75,1.5
399.94,459.88,1.5
400.18,460.01,1.5
400.41,460.13,1.5
400.65,460.26,1.5
400.89,460.39,1.5
401.12,460.52,1.5
401.36,460.64,1.5
401.59,460.77,1.5
401.83,460.9,1.5
402.07,461.03,1.5
402.3,461.15,1.5
402.54,461.28,1.5
402.78,461.41,1.5
403.01,461.54,1.5
403.25,461.66,1.5
403.48,461.79,1.5
403.72,461.92,1.5
403.96,462.05,1.5
404.19,462.18,1.5
404.43,462.3,1.5
404.67,462.43,1.5
404.9,462.56,1.5
405.14,462.69,1.5
405.37,462.81,1.5
405.61,462.94,1.5
405.85,463.07,1.5
406.08,463.2,1.5
406.32,463.32,1.5
406.56,463.45,1.5
406.79,463.58,1.5
407.03,463.71,1.5
407.27,463.83,1.5
407.5,463.96,1.5
407.74,464.09,1.5
407.97,464.22,1.5
408.21,464.34,1.5
408.45,464.47,1.5
408.68,464.6,1.5
408.92,464.72,1.5
409.16,464.85,1.5
409.39,464.98,1.5
409.63,465.11,1.5
409.87,465.23,1.5
410.1,465.36,1.5
410.34,465.49,1.5
410.57,465.62,1.5
410.81,465.74,1.5
411.05,465.87,1.5
411.28,466,1.5
411.52,466.13,1.5
411.76,466.25,1.5
411.99,466.38,1.5
412.23,466.51,1.5
412.47,466.64,1.5
412.7,466.76,1.5
412.94,466.89,1.5
413.18,467.02,1.5
413.41,467.14,1.5
413.65,467.27,1.5
413.88,467.4,1.5
414.12,467.53,1.5
414.36,467.65,1.5
414.59,467.78,1.5
414.83,467.91,1.5
415.07,468.03,1.5
415.3,468.16,1.5
415.54,468.29,1.5
415.78,468.42,1.5
416.01,468.54,1.5
416.25,468.67,1.5
416.49,468.8,1.5
416.72,468.93,1.5
416.96,469.05,1.5
417.2,469.18,1.5
417.43,469.31,1.5
417.67,469.43,1.5
417.91,469.56,1.5
418.14,469.69,1.5
418.38,469.81,1.5
418.61,469.94,1.5
418.85,470.07,1.5
419.09,470.2,1.5
419.32,470.32,1.5
419.56,470.45,1.5
419.8,470.58,1.5
420.03,470.7,1.5
420.27,470.83,1.5
420.51,470.96,1.5
420.74,471.09,1.5
420.98,471.21,1.5
421.22,471.34,1.5
421.45,471.47,1.5
421.69,471.59,1.5
421.93,471.72,1.5
422.16,471.85,1.5
422.4,471.98,1.5
422.64,472.1,1.5
422.87,472.23,1.5
423.11,472.36,1.5
423.35,472.48,1.5
423.58,472.61,1.5
423.82,472.74,1.5
424.05,472.86,1.5
424.29,472.99,1.5
424.52,473.12,1.5
424.75,473.24,1.5
424.98,473.37,1.5
425.2,473.49,1.5
425.43,473.62,1.5
425.65,473.74,1.5
425.88,473.86,1.5
426.1,473.98,1.5
426.32,474.11,1.5
426.54,474.23,1.5
426.76,474.35,1.5
426.98,474.47,1.5
427.19,474.59,1.5
427.41,474.72,1.5
427.62,474.84,1.5
427.84,474.96,1.5
428.05,475.09,1.5
428.27,475.21,1.5
428.49,475.33,1.5
428.7,475.46,1.5
428.92,475.58,1.5
429.13,475.69,1.5
429.35,475.81,1.5
429.57,475.93,1.5
429.79,476.05,1.5
430,476.17,1.5
430.22,476.29,1.5
430.44,476.41,1.5
430.66,476.53,1.5
430.88,476.66,1.5
431.1,476.78,1.5
431.32,476.9,1.5
431.54,477.02,1.5
431.75,477.14,1.5
431.97,477.25,1.5
432.18,477.37,1.5
432.4,477.48,1.5
432.61,477.6,1.5
432.82,477.72,1.5
433.04,477.85,1.5
433.25,477.97,1.5
433.46,478.09,1.5
433.68,478.21,1.5
433.9,478.33,1.5
434.12,478.45,1.5
434.33,478.57,1.5
434.55,478.69,1.5
434.77,478.82,1.5
434.99,478.94,1.5
435.21,479.06,1.5
435.43,479.18,1.5
435.65,479.29,1.5
435.86,479.41,1.5
436.08,479.52,1.5
436.29,479.64,1.5
436.51,479.76,1.5
436.73,479.87,1.5
436.95,479.99,1.5
437.17,480.1,1.5
437.39,480.21,1.5
437.6,480.33,1.5
437.82,480.44,1.5
438.03,480.55,1.5
438.24,480.66,1.5
438.46,480.77,1.5
438.68,480.89,1.5
438.9,481,1.5
439.12,481.11,1.5
439.33,481.22,1.5
439.55,481.34,1.5
439.76,481.45,1.5
439.99,481.56,1.5
440.21,481.67,1.5
440.43,481.78,1.5
440.65,481.9,1.5
440.87,482.01,1.5
441.09,482.13,1.5
441.31,482.26,1.5
441.53,482.39,1.5
441.76,482.52,1.5
441.98,482.66,1.5
442.2,482.79,1.5
442.42,482.93,1.5
442.63,483.07,1.5
442.84,483.2,1.5
443.05,483.33,1.5
443.26,483.47,1.5
443.47,483.6,1.5
443.69,483.74,1.5
443.89,483.88,1.5
444.09,484.02,1.5
444.28,484.16,1.5
444.48,484.31,1.5
444.67,484.44,1.5
444.87,484.58,1.5
445.06,484.71,1.5
445.26,484.83,1.5
445.46,484.95,1.5
445.65,485.08,1.5
445.86,485.2,1.5
446.06,485.31,1.5
446.26,485.42,1.5
446.46,485.53,1.5
446.66,485.65,1.5
446.87,485.76,1.5
447.08,485.88,1.5
447.3,486.01,1.5
447.52,486.14,1.5
447.74,486.27,1.5
447.96,486.41,1.5
448.19,486.54,1.5
448.42,486.68,1.5
448.65,486.82,1.5
448.87,486.96,1.5
449.1,487.11,1.5
449.31,487.27,1.5
449.53,487.43,1.5
449.75,487.59,1.5
449.96,487.75,1.5
450.18,487.91,1.5
450.39,488.07,1.5
450.61,488.23,1.5
450.82,488.39,1.5
451.03,488.55,1.5
451.25,488.71,1.5
451.46,488.87,1.5
451.67,489.03,1.5
451.89,489.2,1.5
452.1,489.36,1.5
452.32,489.52,1.5
452.53,489.68,1.5
452.75,489.84,1.5
452.96,490,1.5
453.17,490.16,1.5
453.39,490.32,1.5
453.6,490.49,1.5
453.82,490.65,1.5
454.03,490.81,1.5
454.25,490.97,1.5
454.47,491.13,1.5
454.68,491.29,1.5
454.91,491.43,1.5
455.14,491.57,1.5
455.37,491.71,1.5
455.6,491.84,1.5
455.84,491.97,1.5
456.07,492.11,1.5
456.3,492.24,1.5
456.53,492.37,1.5
456.77,492.51,1.5
457,492.64,1.5
457.23,492.77,1.5
457.47,492.91,1.5
457.7,493.04,1.5
457.93,493.17,1.5
458.17,493.31,1.5
458.4,493.44,1.5
458.63,493.57,1.5
458.87,493.71,1.5
459.1,493.84,1.5
459.33,493.97,1.5
459.57,494.1,1.5
459.8,494.24,1.5
460.03,494.37,1.5
460.27,494.5,1.5
460.5,494.64,1.5
460.73,494.77,1.5
460.97,494.9,1.5
461.2,495.03,1.5
461.43,495.17,1.5
461.67,495.3,1.5
461.9,495.43,1.5
462.13,495.57,1.5
462.37,495.7,1.5
462.6,495.83,1.5
462.83,495.96,1.5
463.07,496.1,1.5
463.3,496.23,1.5
463.53,496.36,1.5
463.77,496.49,1.5
464,496.63,1.5
464.23,496.76,1.5
464.47,496.89,1.5
464.7,497.03,1.5
464.94,497.16,1.5
465.17,497.29,1.5
465.4,497.42,1.5
465.64,497.55,1.5
465.87,497.69,1.5
466.1,497.82,1.5
466.34,497.95,1.5
466.57,498.08,1.5
466.8,498.22,1.5
467.04,498.35,1.5
467.27,498.48,1.5
467.51,498.61,1.5
467.74,498.75,1.5
467.97,498.88,1.5
468.21,499.01,1.5
468.44,499.14,1.5
468.67,499.27,1.5
468.91,499.41,1.5
469.14,499.54,1.5
469.38,499.67,1.5
469.61,499.8,1.5
469.84,499.93,1.5
470.08,500.07,1.5
470.31,500.2,1.5
470.54,500.33,1.5
470.78,500.46,1.5
471.01,500.59,1.5
471.25,500.73,1.5
471.48,500.86,1.5
471.71,500.99,1.5
471.95,501.12,1.5
472.18,501.25,1.5
472.42,501.38,1.5
472.65,501.52,1.5
472.88,501.65,1.5
473.12,501.78,1.5
473.35,501.91,1.5
473.59,502.04,1.5
473.82,502.17,1.5
474.06,502.31,1.5
474.29,502.44,1.5
474.52,502.57,1.5
474.76,502.7,1.5
474.99,502.83,1.5
475.23,502.96,1.5
475.46,503.09,1.5
475.7,503.23,1.5
475.93,503.36,1.5
476.16,503.49,1.5
476.4,503.62,1.5
476.63,503.75,1.5
476.87,503.88,1.5
477.1,504.01,1.5
477.34,504.14,1.5
477.57,504.28,1.5
477.81,504.41,1.5
478.04,504.54,1.5
478.28,504.67,1.5
478.51,504.8,1.5
478.75,504.93,1.5
478.98,505.07,1.5
479.21,505.2,1.5
479.45,505.33,1.5
479.68,505.46,1.5
479.92,505.6,1.5
480.15,505.73,1.5
480.39,505.86,1.5
480.62,505.99,1.5
480.86,506.13,1.5
481.09,506.26,1.5
481.33,506.39,1.5
481.56,506.52,1.5
481.79,506.66,1.5
482.03,506.79,1.5
482.26,506.92,1.5
482.5,507.06,1.5
482.72,507.19,1.5
482.95,507.34,1.5
483.17,507.48,1.5
483.38,507.63,1.5
483.6,507.77,1.5
483.81,507.92,1.5
484.03,508.06,1.5
484.24,508.21,1.5
484.46,508.35,1.5
484.67,508.49,1.5
484.89,508.63,1.5
485.1,508.77,1.5
485.32,508.91,1.5
485.53,509.04,1.5
485.75,509.17,1.5
485.97,509.31,1.5
486.18,509.44,1.5
486.4,509.58,1.5
486.62,509.71,1.5
486.84,509.85,1.5
487.06,509.98,1.5
487.29,510.11,1.5
487.52,510.24,1.5
487.76,510.37,1.5
487.99,510.5,1.5
488.22,510.63,1.5
488.46,510.76,1.5
488.69,510.88,1.5
488.93,511.01,1.5
489.16,511.14,1.5
489.4,511.27,1.5
489.63,511.4,1.5
489.87,511.52,1.5
490.1,511.65,1.5
490.34,511.78,1.5
490.57,511.91,1.5
490.81,512.04,1.5
491.04,512.17,1.5
491.28,512.29,1.5
491.51,512.42,1.5
491.75,512.55,1.5
491.99,512.68,1.5
492.22,512.81,1.5
492.46,512.93,1.5
492.69,513.06,1.5
492.93,513.19,1.5
493.16,513.32,1.5
493.4,513.45,1.5
493.64,513.58,1.5
493.87,513.71,1.5
494.11,513.83,1.5
494.34,513.96,1.5
494.58,514.09,1.5
494.82,514.22,1.5
495.05,514.35,1.5
495.29,514.47,1.5
495.52,514.6,1.5
495.76,514.73,1.5
496,514.86,1.5
496.23,514.99,1.5
496.47,515.12,1.5
496.7,515.24,1.5
496.94,515.37,1.5
497.18,515.5,1.5
497.41,515.63,1.5
497.65,515.76,1.5
497.88,515.88,1.5
498.12,516.01,1.5
498.36,516.14,1.5
498.59,516.27,1.5
498.83,516.4,1.5
499.06,516.53,1.5
499.3,516.65,1.5
499.54,516.78,1.5
499.77,516.91,1.5
500.01,517.04,1.5
500.24,517.17,1.5
500.48,517.29,1.5
500.72,517.42,1.5
500.95,517.55,1.5
501.19,517.68,1.5
501.42,517.81,1.5
501.66,517.93,1.5
501.9,518.06,1.5
502.13,518.19,1.5
502.37,518.32,1.5
502.6,518.45,1.5
502.84,518.57,1.5
503.08,518.7,1.5
503.31,518.83,1.5
503.55,518.96,1.5
503.78,519.09,1.5
504.02,519.21,1.5
504.26,519.34,1.5
504.49,519.47,1.5
504.73,519.6,1.5
504.97,519.73,1.5
505.2,519.85,1.5
505.44,519.98,1.5
505.67,520.11,1.5
505.91,520.24,1.5
506.15,520.36,1.5
506.38,520.49,1.5
506.62,520.62,1.5
506.85,520.75,1.5
507.09,520.88,1.5
507.33,521,1.5
507.56,521.13,1.5
507.8,521.26,1.5
508.04,521.39,1.5
508.27,521.51,1.5
508.51,521.64,1.5
508.74,521.77,1.5
508.98,521.9,1.5
509.22,522.02,1.5
509.45,522.15,1.5
509.69,522.28,1.5
509.93,522.41,1.5
510.16,522.53,1.5
510.4,522.66,1.5
510.63,522.79,1.5
510.87,522.92,1.5
511.11,523.04,1.5
511.34,523.17,1.5
511.58,523.3,1.5
511.82,523.43,1.5
512.05,523.55,1.5
512.29,523.68,1.5
512.53,523.81,1.5
512.76,523.94,1.5
513,524.06,1.5
513.23,524.19,1.5
513.47,524.32,1.5
513.71,524.45,1.5
513.94,524.57,1.5
514.18,524.7,1.5
514.42,524.83,1.5
514.65,524.95,1.5
514.89,525.08,1.5
515.13,525.21,1.5
515.36,525.34,1.5
515.6,525.46,1.5
515.84,525.59,1.5
516.07,525.72,1.5
516.31,525.84,1.5
516.55,525.97,1.5
516.78,526.1,1.5
517.02,526.23,1.5
517.26,526.35,1.5
517.49,526.48,1.5
517.73,526.61,1.5
517.97,526.73,1.5
518.2,526.86,1.5
518.44,526.99,1.5
518.68,527.11,1.5
518.91,527.24,1.5
519.15,527.37,1.5
519.39,527.49,1.5
519.62,527.62,1.5
519.86,527.75,1.5
520.1,527.87,1.5
520.33,528,1.5
520.57,528.13,1.5
520.81,528.25,1.5
521.04,528.38,1.5
521.28,528.51,1.5
521.52,528.63,1.5
521.75,528.76,1.5
521.99,528.88,1.5
522.23,529.01,1.5
522.47,529.14,1.5
522.7,529.26,1.5
522.94,529.39,1.5
523.18,529.52,1.5
523.41,529.64,1.5
523.65,529.77,1.5
523.89,529.89,1.5
524.13,530.02,1.5
524.36,530.15,1.5
524.6,530.27,1.5
524.84,530.4,1.5
525.07,530.52,1.5
525.31,530.65,1.5
525.55,530.78,1.5
525.79,530.9,1.5
526.02,531.03,1.5
526.26,531.15,1.5
526.5,531.28,1.5
526.74,531.4,1.5
526.97,531.53,1.5
527.21,531.65,1.5
527.45,531.78,1.5
527.69,531.9,1.5
527.92,532.03,1.5
528.16,532.15,1.5
528.4,532.28,1.5
528.64,532.4,1.5
528.87,532.53,1.5
529.11,532.65,1.5
529.35,532.78,1.5
529.59,532.9,1.5
529.82,533.03,1.5
530.06,533.15,1.5
530.3,533.28,1.5
530.54,533.4,1.5
530.78,533.53,1.5
531.01,533.65,1.5
531.25,533.78,1.5
531.49,533.9,1.5
531.73,534.02,1.5
531.97,534.15,1.5
532.21,534.27,1.5
532.44,534.39,1.5
532.68,534.52,1.5
532.92,534.64,1.5
533.16,534.77,1.5
533.4,534.89,1.5
533.64,535.01,1.5
533.87,535.14,1.5
534.11,535.26,1.5
534.35,535.38,1.5
534.59,535.51,1.5
534.83,535.63,1.5
535.07,535.75,1.5
535.31,535.87,1.5
535.55,536,1.5
535.78,536.12,1.5
536.02,536.24,1.5
536.26,536.36,1.5
536.5,536.48,1.5
536.74,536.61,1.5
536.98,536.73,1.5
537.22,536.85,1.5
537.46,536.97,1.5
537.7,537.09,1.5
537.94,537.21,1.5
538.18,537.33,1.5
538.42,537.45,1.5
538.66,537.57,1.5
538.9,537.69,1.5
539.14,537.81,1.5
539.38,537.93,1.5
539.62,538.05,1.5
539.86,538.17,1.5
540.1,538.29,1.5
540.34,538.41,1.5
540.58,538.53,1.5
540.83,538.65,1.5
541.07,538.76,1.5
541.31,538.88,1.5
541.55,539,1.5
541.79,539.12,1.5
542.03,539.24,1.5
542.27,539.36,1.5
542.51,539.48,1.5
542.75,539.59,1.5
542.99,539.71,1.5
543.24,539.83,1.5
543.48,539.95,1.5
543.72,540.07,1.5
543.96,540.19,1.5
544.2,540.31,1.5
544.41,540.43,1.5
544.61,540.56,1.5
544.79,540.69,1.5
544.97,540.81,1.5
545.11,540.92,1.5
545.22,541.01,1.5
545.3,541.12,1.5
545.42,541.26,1.5
545.58,541.4,1.5
545.77,541.54,1.5
545.98,541.67,1.5
546.21,541.78,1.5
546.43,541.88,1.5
546.66,541.98,1.5
546.9,542.08,1.5
547.14,542.18,1.5
547.39,542.29,1.5
547.64,542.4,1.5
547.89,542.51,1.5
548.14,542.62,1.5
548.39,542.74,1.5
548.64,542.85,1.5
548.89,542.96,1.5
549.14,543.07,1.5
549.39,543.18,1.5
549.63,543.29,1.5
549.88,543.41,1.5
550.12,543.53,1.5
550.37,543.64,1.5
550.61,543.76,1.5
550.85,543.88,1.5
551.09,543.99,1.5
551.33,544.11,1.5
551.57,544.23,1.5
551.81,544.36,1.5
552.05,544.48,1.5
552.29,544.6,1.5
552.53,544.73,1.5
552.77,544.85,1.5
553.01,544.98,1.5
553.24,545.1,1.5
553.48,545.23,1.5
553.72,545.36,1.5
553.95,545.49,1.5
554.19,545.62,1.5
554.42,545.75,1.5
554.66,545.88,1.5
554.89,546.01,1.5
555.12,546.14,1.5
555.36,546.27,1.5
555.59,546.4,1.5
555.82,546.54,1.5
556.06,546.67,1.5
556.29,546.81,1.5
556.52,546.94,1.5
556.75,547.08,1.5
556.99,547.21,1.5
557.22,547.35,1.5
557.45,547.48,1.5
557.69,547.61,1.5
557.92,547.74,1.5
558.16,547.87,1.5
558.39,548,1.5
558.63,548.12,1.5
558.87,548.23,1.5
559.12,548.33,1.5
559.17,548.34,1.5
559.4,548.46,1.5
559.58,548.64,1.5
559.75,548.84,1.5
559.91,549.05,1.5
560.07,549.26,1.5
560.23,549.47,1.5
560.41,549.67,1.5
560.59,549.87,1.5
560.78,550.06,1.5
560.98,550.24,1.5
561.18,550.42,1.5
561.39,550.59,1.5
561.6,550.75,1.5
561.81,550.91,1.5
562.03,551.07,1.5
562.24,551.23,1.5
562.46,551.39,1.5
562.68,551.55,1.5
562.9,551.7,1.5
563.12,551.86,1.5
563.34,552.01,1.5
563.56,552.17,1.5
563.78,552.32,1.5
564,552.47,1.5
564.22,552.62,1.5
564.44,552.77,1.5
564.67,552.92,1.5
564.89,553.07,1.5
565.11,553.21,1.5
565.32,553.36,1.5
565.53,553.49,1.5
565.73,553.63,1.5
565.94,553.77,1.5
566.15,553.9,1.5
566.35,554.04,1.5
566.55,554.17,1.5
566.76,554.3,1.5
566.96,554.43,1.5
567.16,554.56,1.5
567.36,554.69,1.5
567.56,554.82,1.5
567.75,554.94,1.5
567.95,555.08,1.5
568.15,555.21,1.5
568.35,555.34,1.5
568.55,555.47,1.5
568.76,555.6,1.5
568.96,555.73,1.5
569.15,555.87,1.5
569.35,556,1.5
569.54,556.13,1.5
569.74,556.27,1.5
569.93,556.4,1.5
570.12,556.52,1.5
570.31,556.65,1.5
570.5,556.77,1.5
570.69,556.89,1.5
570.88,557.02,1.5
571.07,557.16,1.5
571.25,557.3,1.5
571.42,557.43,1.5
571.59,557.57,1.5
571.75,557.72,1.5
571.91,557.86,1.5
572.05,558.01,1.5
572.2,558.15,1.5
572.35,558.29,1.5
