337.08,324.06,1.5
337.16,324.09,1.5
337.31,324.14,1.5
337.48,324.2,1.5
337.67,324.26,1.5
337.89,324.34,1.5
338.12,324.43,1.5
338.34,324.52,1.5
338.55,324.62,1.5
338.78,324.71,1.5
339.01,324.78,1.5
339.23,324.86,1.5
339.43,324.95,1.5
339.64,325.03,1.5
339.84,325.12,1.5
340.05,325.2,1.5
340.25,325.29,1.5
340.46,325.39,1.5
340.67,325.49,1.5
340.88,325.59,1.5
341.08,325.69,1.5
341.29,325.79,1.5
341.5,325.89,1.5
341.71,325.99,1.5
341.92,326.1,1.5
342.14,326.21,1.5
342.36,326.32,1.5
342.58,326.44,1.5
342.8,326.55,1.5
343.03,326.67,1.5
343.25,326.78,1.5
343.48,326.9,1.5
343.71,327.04,1.5
343.93,327.17,1.5
344.15,327.3,1.5
344.38,327.42,1.5
344.61,327.54,1.5
344.84,327.66,1.5
345.08,327.77,1.5
345.31,327.89,1.5
345.55,328.01,1.5
345.79,328.12,1.5
346.04,328.24,1.5
346.28,328.35,1.5
346.53,328.47,1.5
346.78,328.57,1.5
347.03,328.67,1.5
347.28,328.78,1.5
347.54,328.9,1.5
347.79,329.02,1.5
348.04,329.13,1.5
348.29,329.25,1.5
348.55,329.36,1.5
348.8,329.48,1.5
349.06,329.6,1.5
349.31,329.71,1.5
349.56,329.83,1.5
349.81,329.94,1.5
350.06,330.06,1.5
350.31,330.16,1.5
350.57,330.27,1.5
350.84,330.38,1.5
351.09,330.48,1.5
351.34,330.59,1.5
351.59,330.71,1.5
351.85,330.82,1.5
352.11,330.92,1.5
352.36,331.03,1.5
352.61,331.15,1.5
352.85,331.26,1.5
353.09,331.38,1.5
353.34,331.5,1.5
353.58,331.62,1.5
353.82,331.73,1.5
354.06,331.85,1.5
354.31,331.97,1.5
354.55,332.09,1.5
354.79,332.21,1.5
355.03,332.32,1.5
355.27,332.44,1.5
355.52,332.57,1.5
355.76,332.7,1.5
356,332.82,1.5
356.25,332.94,1.5
356.49,333.06,1.5
356.73,333.18,1.5
356.97,333.3,1.5
357.21,333.43,1.5
357.45,333.55,1.5
357.68,333.68,1.5
357.92,333.81,1.5
358.15,333.94,1.5
358.37,334.08,1.5
358.6,334.22,1.5
358.83,334.35,1.5
359.05,334.49,1.5
359.27,334.63,1.5
359.5,334.76,1.5
359.71,334.9,1.5
359.93,335.02,1.5
360.14,335.15,1.5
360.35,335.27,1.5
360.56,335.39,1.5
360.76,335.51,1.5
360.96,335.62,1.5
361.16,335.73,1.5
361.35,335.84,1.5
361.54,335.95,1.5
361.73,336.06,1.5
361.92,336.17,1.5
362.11,336.27,1.5
362.3,336.37,1.5
362.5,336.47,1.5
362.7,336.57,1.5
362.89,336.67,1.5
363.09,336.77,1.5
363.29,336.87,1.5
363.49,336.97,1.5
363.7,337.07,1.5
363.91,337.16,1.5
364.12,337.24,1.5
364.33,337.32,1.5
364.55,337.4,1.5
364.75,337.49,1.5
364.95,337.6,1.5
365.16,337.69,1.5
365.38,337.76,1.5
365.6,337.81,1.5
365.8,337.82,1.5
365.99,337.78,1.5
366.19,337.72,1.5
366.39,337.64,1.5
366.59,337.57,1.5
366.79,337.5,1.5
366.99,337.43,1.5
367.19,337.38,1.5
367.38,337.33,1.5
367.55,337.3,1.5
367.69,337.25,1.5
367.77,337.22,1.5
367.83,337.23,1.5
367.86,337.23,1.5
367.86,337.24,1.5
367.87,337.25,1.5
367.89,337.27,1.5
367.93,337.29,1.5
367.95,337.3,1.5
367.96,337.3,1.5
367.97,337.3,1.5
368,337.31,1.5
368.02,337.31,1.5
368,337.34,1.5
368,337.35,1.5
368.02,337.33,1.5
368.03,337.31,1.5
368.02,337.31,1.5
368.03,337.31,1.5
368.04,337.3,1.5
368.04,337.28,1.5
368.03,337.25,1.5
368.02,337.21,1.5
368.03,337.22,1.5
368.03,337.22,1.5
368.03,337.2,1.5
368.03,337.2,1.5
368.04,337.19,1.5
368.05,337.18,1.5
368.04,337.17,1.5
368.04,337.17,1.5
368.05,337.17,1.5
368.06,337.17,1.5
368.05,337.17,1.5
368.06,337.16,1.5
368.06,337.16,1.5
368.07,337.14,1.5
368.07,337.14,1.5
368.07,337.14,1.5
368.07,337.14,1.5
368.08,337.13,1.5
368.1,337.13,1.5
368.11,337.13,1.5
368.12,337.12,1.5
368.11,337.11,1.5
368.11,337.1,1.5
368.12,337.09,1.5
368.14,337.07,1.5
368.15,337.04,1.5
368.22,337.04,1.5
368.29,337.06,1.5
368.39,337.06,1.5
368.51,337.07,1.5
368.56,337.08,1.5
368.58,337.09,1.5
368.63,337.08,1.5
368.74,337.07,1.5
368.87,337.09,1.5
369.04,337.12,1.5
369.24,337.19,1.5
369.45,337.28,1.5
369.65,337.36,1.5
369.86,337.43,1.5
370.08,337.51,1.5
370.32,337.6,1.5
370.55,337.69,1.5
370.79,337.78,1.5
371.04,337.89,1.5
371.27,338.02,1.5
371.49,338.17,1.5
371.72,338.3,1.5
371.96,338.43,1.5
372.21,338.54,1.5
372.46,338.65,1.5
372.61,338.69,1.5
372.56,338.57,1.5
372.57,338.47,1.5
372.67,338.46,1.5
372.8,338.5,1.5
372.97,338.58,1.5
373.14,338.67,1.5
373.31,338.8,1.5
373.48,338.95,1.5
373.63,339.1,1.5
373.77,339.23,1.5
373.93,339.36,1.5
374.09,339.5,1.5
374.25,339.64,1.5
374.28,339.67,1.5
374.45,339.79,1.5
374.63,339.87,1.5
374.81,339.95,1.5
374.98,340.01,1.5
375.16,340.07,1.5
375.33,340.12,1.5
375.49,340.17,1.5
375.65,340.23,1.5
375.82,340.27,1.5
376.01,340.31,1.5
376.18,340.35,1.5
376.35,340.41,1.5
376.54,340.46,1.5
376.74,340.52,1.5
376.93,340.58,1.5
377.12,340.64,1.5
377.31,340.71,1.5
377.5,340.78,1.5
377.69,340.87,1.5
377.89,340.99,1.5
378.07,341.1,1.5
378.24,341.21,1.5
378.41,341.33,1.5
378.6,341.45,1.5
378.78,341.57,1.5
378.96,341.69,1.5
379.14,341.82,1.5
379.32,341.97,1.5
379.52,342.11,1.5
379.73,342.25,1.5
379.95,342.38,1.5
380.19,342.52,1.5
380.43,342.65,1.5
380.68,342.77,1.5
380.92,342.88,1.5
381.17,342.99,1.5
381.42,343.1,1.5
381.67,343.2,1.5
381.92,343.3,1.5
382.16,343.39,1.5
382.4,343.49,1.5
382.64,343.6,1.5
382.87,343.69,1.5
383.11,343.79,1.5
383.34,343.88,1.5
383.58,343.98,1.5
383.81,344.07,1.5
384.04,344.17,1.5
384.27,344.27,1.5
384.49,344.36,1.5
384.72,344.46,1.5
384.95,344.55,1.5
385.18,344.65,1.5
385.42,344.76,1.5
385.66,344.86,1.5
385.89,344.97,1.5
386.13,345.08,1.5
386.37,345.19,1.5
386.6,345.3,1.5
386.84,345.41,1.5
387.08,345.52,1.5
387.32,345.64,1.5
387.55,345.75,1.5
387.79,345.86,1.5
388.03,345.98,1.5
388.27,346.09,1.5
388.29,346.11,1.5
388.28,346.12,1.5
388.27,346.13,1.5
388.26,346.14,1.5
388.25,346.15,1.5
388.25,346.17,1.5
388.24,346.17,1.5
388.25,346.18,1.5
388.24,346.18,1.5
388.25,346.18,1.5
388.24,346.15,1.5
388.25,346.13,1.5
388.27,346.13,1.5
388.28,346.15,1.5
388.25,346.18,1.5
388.22,346.25,1.5
388.19,346.29,1.5
388.19,346.28,1.5
388.18,346.28,1.5
388.19,346.29,1.5
388.19,346.29,1.5
388.19,346.29,1.5
388.19,346.28,1.5
388.21,346.29,1.5
388.2,346.3,1.5
388.2,346.31,1.5
388.18,346.32,1.5
388.19,346.35,1.5
388.18,346.36,1.5
388.18,346.36,1.5
388.17,346.35,1.5
388.19,346.36,1.5
388.19,346.35,1.5
388.2,346.35,1.5
388.18,346.35,1.5
388.18,346.36,1.5
388.18,346.35,1.5
388.19,346.35,1.5
388.2,346.36,1.5
388.2,346.38,1.5
388.19,346.37,1.5
388.17,346.36,1.5
388.18,346.38,1.5
388.31,346.44,1.5
388.53,346.57,1.5
388.79,346.75,1.5
389.07,346.91,1.5
389.34,347.07,1.5
389.59,347.23,1.5
389.81,347.39,1.5
390.04,347.52,1.5
390.28,347.61,1.5
390.52,347.7,1.5
390.74,347.79,1.5
390.96,347.88,1.5
391.17,347.97,1.5
391.38,348.06,1.5
391.6,348.16,1.5
391.82,348.27,1.5
392.03,348.38,1.5
392.24,348.5,1.5
392.47,348.62,1.5
392.71,348.74,1.5
392.94,348.85,1.5
393.17,348.97,1.5
393.4,349.09,1.5
393.64,349.22,1.5
393.88,349.34,1.5
394.12,349.46,1.5
394.37,349.57,1.5
394.61,349.69,1.5
394.86,349.81,1.5
395.1,349.93,1.5
395.34,350.05,1.5
395.59,350.17,1.5
395.83,350.29,1.5
396.07,350.41,1.5
396.31,350.52,1.5
396.56,350.62,1.5
396.8,350.73,1.5
397.03,350.83,1.5
397.26,350.93,1.5
397.48,351.03,1.5
397.69,351.15,1.5
397.9,351.26,1.5
398.12,351.36,1.5
398.34,351.47,1.5
398.57,351.58,1.5
398.75,351.67,1.5
398.82,351.75,1.5
398.83,351.79,1.5
398.82,351.82,1.5
398.82,351.83,1.5
398.82,351.83,1.5
398.83,351.84,1.5
398.83,351.84,1.5
398.83,351.85,1.5
398.84,351.85,1.5
398.84,351.87,1.5
398.85,351.88,1.5
398.86,351.89,1.5
398.86,351.9,1.5
398.87,351.92,1.5
398.88,351.92,1.5
398.91,351.93,1.5
398.97,351.92,1.5
399.02,351.93,1.5
399.03,351.93,1.5
399.04,351.95,1.5
399.05,351.96,1.5
399.06,351.97,1.5
399.07,351.97,1.5
399.08,351.98,1.5
399.1,351.98,1.5
399.11,351.99,1.5
399.12,352,1.5
399.14,352,1.5
399.15,352,1.5
399.15,352.01,1.5
399.16,352.01,1.5
399.17,352.01,1.5
399.2,352.02,1.5
399.22,352.02,1.5
399.22,352.02,1.5
399.25,352.03,1.5
399.27,352.04,1.5
399.28,352.05,1.5
399.3,352.06,1.5
399.32,352.07,1.5
399.34,352.08,1.5
399.36,352.08,1.5
399.38,352.09,1.5
399.4,352.08,1.5
399.4,352.08,1.5
399.42,352.09,1.5
399.43,352.1,1.5
399.45,352.1,1.5
399.46,352.1,1.5
399.48,352.1,1.5
399.49,352.11,1.5
399.51,352.11,1.5
399.53,352.12,1.5
399.54,352.13,1.5
399.55,352.14,1.5
399.56,352.14,1.5
399.58,352.15,1.5
399.59,352.16,1.5
399.6,352.16,1.5
399.62,352.16,1.5
399.63,352.15,1.5
399.64,352.15,1.5
399.65,352.15,1.5
399.66,352.14,1.5
399.67,352.15,1.5
399.69,352.15,1.5
399.69,352.16,1.5
399.7,352.16,1.5
399.7,352.16,1.5
399.72,352.16,1.5
399.73,352.15,1.5
399.74,352.15,1.5
399.75,352.16,1.5
399.76,352.17,1.5
399.76,352.16,1.5
399.77,352.17,1.5
399.78,352.17,1.5
399.8,352.19,1.5
399.81,352.2,1.5
399.82,352.2,1.5
399.82,352.2,1.5
399.84,352.2,1.5
399.85,352.21,1.5
399.86,352.21,1.5
399.87,352.22,1.5
399.88,352.22,1.5
399.89,352.23,1.5
399.89,352.23,1.5
399.9,352.24,1.5
399.91,352.25,1.5
399.91,352.26,1.5
399.91,352.26,1.5
399.91,352.25,1.5
399.9,352.25,1.5
399.91,352.25,1.5
399.92,352.25,1.5
399.92,352.26,1.5
399.93,352.26,1.5
399.93,352.25,1.5
399.92,352.25,1.5
399.92,352.26,1.5
399.92,352.26,1.5
399.92,352.25,1.5
399.93,352.26,1.5
399.94,352.27,1.5
399.94,352.27,1.5
399.95,352.28,1.5
399.95,352.29,1.5
399.95,352.3,1.5
399.95,352.3,1.5
399.96,352.3,1.5
399.97,352.3,1.5
399.98,352.3,1.5
399.97,352.3,1.5
399.96,352.3,1.5
399.97,352.3,1.5
399.97,352.31,1.5
399.97,352.32,1.5
399.98,352.32,1.5
399.98,352.32,1.5
399.97,352.32,1.5
399.98,352.33,1.5
399.99,352.34,1.5
399.98,352.35,1.5
399.99,352.35,1.5
400.01,352.36,1.5
400.03,352.37,1.5
400.06,352.42,1.5
400.11,352.49,1.5
400.22,352.58,1.5
400.37,352.67,1.5
400.51,352.74,1.5
400.62,352.8,1.5
400.67,352.83,1.5
400.68,352.84,1.5
400.73,352.84,1.5
400.83,352.84,1.5
400.96,352.84,1.5
401.1,352.83,1.5
401.24,352.82,1.5
401.4,352.8,1.5
401.54,352.81,1.5
401.66,352.82,1.5
401.81,352.83,1.5
401.88,352.83,1.5
402.04,352.83,1.5
402.2,352.82,1.5
402.37,352.82,1.5
402.54,352.83,1.5
402.72,352.86,1.5
402.92,352.93,1.5
403.12,353.01,1.5
403.3,353.11,1.5
403.49,353.2,1.5
403.69,353.29,1.5
403.89,353.38,1.5
404.08,353.47,1.5
404.28,353.55,1.5
404.49,353.63,1.5
404.7,353.72,1.5
404.9,353.8,1.5
405.11,353.88,1.5
405.32,353.96,1.5
405.54,354.05,1.5
405.76,354.16,1.5
405.98,354.26,1.5
406.19,354.34,1.5
406.41,354.44,1.5
406.63,354.54,1.5
406.84,354.63,1.5
407.03,354.71,1.5
407.22,354.79,1.5
407.41,354.88,1.5
407.61,354.96,1.5
407.82,355.03,1.5
408.04,355.1,1.5
408.25,355.18,1.5
408.41,355.24,1.5
408.64,355.28,1.5
408.85,355.26,1.5
409.05,355.22,1.5
409.23,355.2,1.5
409.35,355.21,1.5
409.46,355.23,1.5
409.56,355.26,1.5
409.69,355.29,1.5
409.87,355.29,1.5
410.02,355.26,1.5
410.13,355.21,1.5
410.25,355.18,1.5
410.43,355.17,1.5
410.6,355.13,1.5
410.74,355.06,1.5
410.88,354.99,1.5
410.96,355,1.5
410.99,355.17,1.5
411.07,355.35,1.5
411.19,355.45,1.5
411.33,355.47,1.5
411.5,355.46,1.5
411.69,355.49,1.5
411.86,355.48,1.5
412.02,355.44,1.5
412.18,355.42,1.5
412.34,355.42,1.5
412.52,355.4,1.5
412.73,355.38,1.5
412.95,355.38,1.5
413.16,355.4,1.5
413.35,355.42,1.5
413.54,355.43,1.5
413.72,355.44,1.5
413.91,355.47,1.5
414.1,355.48,1.5
414.29,355.47,1.5
414.48,355.43,1.5
414.64,355.36,1.5
414.72,355.3,1.5
414.77,355.26,1.5
414.85,355.21,1.5
414.97,355.17,1.5
415.15,355.14,1.5
415.36,355.14,1.5
415.56,355.17,1.5
415.74,355.23,1.5
415.92,355.3,1.5
416.09,355.38,1.5
416.28,355.47,1.5
416.49,355.56,1.5
416.71,355.65,1.5
416.93,355.75,1.5
417.16,355.87,1.5
417.39,355.97,1.5
417.63,356.07,1.5
417.86,356.17,1.5
418.09,356.25,1.5
418.32,356.33,1.5
418.55,356.41,1.5
418.77,356.49,1.5
418.99,356.57,1.5
419.21,356.66,1.5
419.44,356.74,1.5
419.67,356.81,1.5
419.9,356.89,1.5
420.15,356.96,1.5
420.4,357.02,1.5
420.65,357.02,1.5
420.9,357.02,1.5
421.15,357.07,1.5
421.4,357.13,1.5
421.63,357.2,1.5
421.87,357.27,1.5
422.11,357.34,1.5
422.34,357.41,1.5
422.58,357.48,1.5
422.82,357.55,1.5
423.06,357.62,1.5
423.3,357.69,1.5
423.55,357.75,1.5
423.79,357.81,1.5
424.02,357.87,1.5
424.25,357.94,1.5
424.49,358,1.5
424.72,358.07,1.5
424.96,358.13,1.5
425.2,358.19,1.5
425.44,358.26,1.5
425.68,358.32,1.5
425.92,358.39,1.5
426.16,358.45,1.5
426.4,358.52,1.5
426.64,358.59,1.5
426.88,358.67,1.5
427.12,358.74,1.5
427.37,358.82,1.5
427.62,358.89,1.5
427.87,358.97,1.5
428.12,359.05,1.5
428.38,359.13,1.5
428.63,359.22,1.5
428.89,359.3,1.5
429.15,359.38,1.5
429.41,359.47,1.5
429.67,359.55,1.5
429.92,359.63,1.5
430.18,359.71,1.5
430.44,359.79,1.5
430.7,359.87,1.5
430.96,359.95,1.5
431.22,360.03,1.5
431.47,360.11,1.5
431.73,360.19,1.5
431.99,360.27,1.5
432.25,360.35,1.5
432.5,360.43,1.5
432.76,360.51,1.5
433.02,360.6,1.5
433.27,360.68,1.5
433.53,360.76,1.5
433.79,360.84,1.5
434.04,360.92,1.5
434.3,361,1.5
434.56,361.08,1.5
434.81,361.16,1.5
435.07,361.24,1.5
435.33,361.33,1.5
435.58,361.41,1.5
435.84,361.49,1.5
436.09,361.57,1.5
436.34,361.65,1.5
436.6,361.72,1.5
436.85,361.79,1.5
437.1,361.86,1.5
437.35,361.92,1.5
437.6,361.98,1.5
437.85,362.04,1.5
438.1,362.1,1.5
438.35,362.15,1.5
438.6,362.21,1.5
438.85,362.26,1.5
439.1,362.31,1.5
439.36,362.35,1.5
439.61,362.43,1.5
439.87,362.49,1.5
440.13,362.56,1.5
440.38,362.65,1.5
440.63,362.74,1.5
440.88,362.82,1.5
441.13,362.9,1.5
441.37,362.98,1.5
441.61,363.05,1.5
441.86,363.12,1.5
442.1,363.18,1.5
442.36,363.22,1.5
442.62,363.27,1.5
442.87,363.3,1.5
443.11,363.39,1.5
443.35,363.47,1.5
443.65,363.57,1.5
443.91,363.64,1.5
444.17,363.71,1.5
444.44,363.78,1.5
444.7,363.85,1.5
444.96,363.92,1.5
445.21,363.99,1.5
445.47,364.05,1.5
445.72,364.11,1.5
445.97,364.18,1.5
446.22,364.24,1.5
446.47,364.3,1.5
446.71,364.36,1.5
446.97,364.43,1.5
447.22,364.49,1.5
447.47,364.56,1.5
447.73,364.62,1.5
447.98,364.69,1.5
448.23,364.76,1.5
448.48,364.82,1.5
448.73,364.89,1.5
448.98,364.95,1.5
449.22,365.02,1.5
449.47,365.08,1.5
449.72,365.15,1.5
449.98,365.21,1.5
450.23,365.26,1.5
450.48,365.32,1.5
450.74,365.37,1.5
450.99,365.43,1.5
451.25,365.48,1.5
451.5,365.54,1.5
451.75,365.6,1.5
452,365.66,1.5
452.25,365.73,1.5
452.5,365.79,1.5
452.75,365.85,1.5
453,365.91,1.5
453.25,365.97,1.5
453.5,366.04,1.5
453.74,366.1,1.5
453.99,366.17,1.5
454.24,366.24,1.5
454.49,366.3,1.5
454.74,366.37,1.5
455,366.44,1.5
455.25,366.51,1.5
455.5,366.58,1.5
455.74,366.65,1.5
455.99,366.72,1.5
456.24,366.79,1.5
456.49,366.86,1.5
456.73,366.93,1.5
456.98,367,1.5
457.23,367.07,1.5
457.48,367.14,1.5
457.73,367.21,1.5
457.98,367.28,1.5
458.22,367.35,1.5
458.47,367.42,1.5
458.72,367.5,1.5
458.97,367.57,1.5
459.22,367.65,1.5
459.46,367.73,1.5
459.71,367.81,1.5
459.97,367.9,1.5
460.22,367.98,1.5
460.47,368.07,1.5
460.72,368.16,1.5
460.97,368.25,1.5
461.22,368.34,1.5
461.48,368.43,1.5
461.73,368.52,1.5
461.99,368.61,1.5
462.24,368.7,1.5
462.49,368.8,1.5
462.75,368.89,1.5
463,368.98,1.5
463.26,369.07,1.5
463.51,369.16,1.5
463.76,369.25,1.5
464.02,369.34,1.5
464.27,369.43,1.5
464.53,369.52,1.5
464.78,369.61,1.5
465.03,369.7,1.5
465.29,369.79,1.5
465.54,369.88,1.5
465.79,369.97,1.5
466.05,370.06,1.5
466.3,370.15,1.5
466.56,370.24,1.5
466.81,370.33,1.5
467.06,370.42,1.5
467.32,370.51,1.5
467.57,370.6,1.5
467.83,370.69,1.5
468.08,370.78,1.5
468.33,370.87,1.5
468.59,370.96,1.5
468.84,371.05,1.5
469.09,371.14,1.5
469.35,371.23,1.5
469.6,371.32,1.5
469.86,371.41,1.5
470.11,371.5,1.5
470.36,371.59,1.5
470.62,371.68,1.5
470.87,371.77,1.5
471.12,371.86,1.5
471.38,371.95,1.5
471.63,372.04,1.5
471.89,372.13,1.5
472.14,372.22,1.5
472.39,372.31,1.5
472.65,372.4,1.5
472.9,372.49,1.5
473.16,372.58,1.5
473.41,372.67,1.5
473.66,372.76,1.5
473.92,372.85,1.5
474.17,372.94,1.5
474.42,373.03,1.5
474.68,373.12,1.5
474.93,373.21,1.5
475.19,373.3,1.5
475.44,373.39,1.5
475.69,373.48,1.5
475.95,373.57,1.5
476.2,373.66,1.5
476.45,373.75,1.5
476.71,373.84,1.5
476.96,373.93,1.5
477.22,374.02,1.5
477.47,374.11,1.5
477.72,374.2,1.5
477.98,374.29,1.5
478.23,374.38,1.5
478.48,374.47,1.5
478.74,374.56,1.5
478.99,374.65,1.5
479.25,374.74,1.5
479.5,374.83,1.5
479.75,374.92,1.5
480.01,375.01,1.5
480.26,375.1,1.5
480.51,375.19,1.5
480.77,375.28,1.5
481.02,375.37,1.5
481.28,375.46,1.5
481.53,375.55,1.5
481.78,375.64,1.5
482.04,375.73,1.5
482.29,375.82,1.5
482.54,375.91,1.5
482.8,376,1.5
483.05,376.09,1.5
483.31,376.18,1.5
483.56,376.27,1.5
483.81,376.36,1.5
484.07,376.46,1.5
484.32,376.55,1.5
484.57,376.64,1.5
484.83,376.73,1.5
485.08,376.82,1.5
485.34,376.91,1.5
485.59,377,1.5
485.84,377.09,1.5
486.1,377.18,1.5
486.35,377.27,1.5
486.6,377.36,1.5
486.86,377.45,1.5
487.11,377.54,1.5
487.37,377.63,1.5
487.62,377.72,1.5
487.87,377.81,1.5
488.13,377.9,1.5
488.38,377.99,1.5
488.63,378.08,1.5
488.89,378.17,1.5
489.14,378.26,1.5
489.4,378.35,1.5
489.65,378.44,1.5
489.9,378.53,1.5
490.16,378.62,1.5
490.41,378.71,1.5
490.66,378.8,1.5
490.92,378.89,1.5
491.17,378.98,1.5
491.42,379.07,1.5
491.68,379.17,1.5
491.93,379.26,1.5
492.19,379.35,1.5
492.44,379.44,1.5
492.69,379.53,1.5
492.95,379.62,1.5
493.2,379.71,1.5
493.45,379.8,1.5
493.71,379.89,1.5
493.96,379.98,1.5
494.21,380.07,1.5
494.47,380.16,1.5
494.72,380.25,1.5
494.98,380.34,1.5
495.23,380.42,1.5
495.49,380.51,1.5
495.74,380.59,1.5
496,380.68,1.5
496.25,380.76,1.5
496.51,380.85,1.5
496.76,380.94,1.5
497.01,381.02,1.5
497.27,381.11,1.5
497.52,381.2,1.5
497.78,381.28,1.5
498.03,381.37,1.5
498.28,381.46,1.5
498.54,381.55,1.5
498.79,381.64,1.5
499.04,381.73,1.5
499.3,381.82,1.5
499.55,381.92,1.5
499.8,382.01,1.5
500.06,382.1,1.5
500.31,382.19,1.5
500.56,382.28,1.5
500.82,382.37,1.5
501.07,382.47,1.5
501.32,382.56,1.5
501.58,382.65,1.5
501.83,382.74,1.5
502.08,382.83,1.5
502.34,382.93,1.5
502.59,383.02,1.5
502.84,383.1,1.5
503.09,383.18,1.5
503.34,383.25,1.5
503.59,383.31,1.5
503.83,383.38,1.5
504.08,383.45,1.5
504.32,383.52,1.5
504.56,383.58,1.5
504.8,383.65,1.5
505.04,383.72,1.5
505.28,383.8,1.5
505.53,383.87,1.5
505.76,383.94,1.5
506,384.02,1.5
506.24,384.1,1.5
506.47,384.19,1.5
506.71,384.29,1.5
506.94,384.39,1.5
507.08,384.45,1.5
507.27,384.6,1.5
507.38,384.81,1.5
507.45,385.04,1.5
507.5,385.29,1.5
507.55,385.55,1.5
507.58,385.81,1.5
507.61,386.07,1.5
507.63,386.33,1.5
507.65,386.59,1.5
507.67,386.85,1.5
507.68,387.11,1.5
507.7,387.37,1.5
507.73,387.64,1.5
507.76,387.9,1.5
507.79,388.17,1.5
507.83,388.43,1.5
507.86,388.7,1.5
507.9,388.96,1.5
507.94,389.23,1.5
507.96,389.5,1.5
507.99,389.77,1.5
508,390.03,1.5
508.02,390.3,1.5
508.05,390.57,1.5
508.07,390.84,1.5
508.08,391.11,1.5
508.08,391.38,1.5
508.07,391.64,1.5
508.06,391.91,1.5
508.05,392.18,1.5
508.04,392.45,1.5
508.03,392.72,1.5
508.02,392.99,1.5
508.01,393.26,1.5
508,393.53,1.5
507.99,393.8,1.5
507.97,394.07,1.5
507.96,394.34,1.5
507.95,394.6,1.5
507.93,394.87,1.5
507.92,395.14,1.5
507.91,395.41,1.5
507.91,395.68,1.5
507.91,395.95,1.5
507.91,396.22,1.5
507.91,396.49,1.5
507.92,396.76,1.5
507.92,397.03,1.5
507.92,397.3,1.5
507.92,397.56,1.5
507.92,397.83,1.5
507.92,398.1,1.5
507.92,398.37,1.5
507.92,398.63,1.5
507.92,398.89,1.5
507.96,399.15,1.5
508.03,399.41,1.5
508.12,399.66,1.5
508.23,399.9,1.5
508.34,400.15,1.5
508.46,400.39,1.5
508.58,400.63,1.5
508.71,400.87,1.5
508.84,401.11,1.5
508.97,401.34,1.5
509.11,401.58,1.5
509.26,401.81,1.5
509.42,402.03,1.5
509.59,402.24,1.5
509.74,402.46,1.5
509.88,402.69,1.5
510.01,402.94,1.5
510.14,403.18,1.5
510.28,403.42,1.5
510.43,403.65,1.5
510.61,403.87,1.5
510.81,404.06,1.5
511.01,404.23,1.5
511.24,404.37,1.5
511.47,404.52,1.5
511.69,404.67,1.5
511.92,404.79,1.5
512.16,404.93,1.5
512.38,405.09,1.5
512.6,405.24,1.5
512.84,405.34,1.5
513.08,405.47,1.5
513.32,405.6,1.5
513.56,405.71,1.5
513.81,405.79,1.5
514.06,405.89,1.5
514.29,406.03,1.5
514.5,406.19,1.5
514.71,406.36,1.5
514.92,406.54,1.5
515.12,406.71,1.5
515.32,406.89,1.5
515.52,407.07,1.5
515.72,407.25,1.5
515.76,407.29,1.5
515.87,407.49,1.5
515.87,407.71,1.5
515.8,407.94,1.5
515.7,408.17,1.5
515.58,408.41,1.5
515.46,408.64,1.5
515.34,408.88,1.5
515.2,409.12,1.5
515.07,409.35,1.5
514.94,409.59,1.5
514.81,409.82,1.5
514.67,410.05,1.5
514.54,410.29,1.5
514.4,410.52,1.5
514.27,410.75,1.5
514.13,410.98,1.5
513.99,411.21,1.5
513.84,411.43,1.5
513.7,411.66,1.5
513.55,411.89,1.5
513.4,412.11,1.5
513.25,412.33,1.5
513.1,412.56,1.5
512.95,412.78,1.5
512.8,413,1.5
512.64,413.22,1.5
512.49,413.44,1.5
512.33,413.66,1.5
512.18,413.88,1.5
512.02,414.1,1.5
511.86,414.32,1.5
511.71,414.54,1.5
511.55,414.76,1.5
511.39,414.97,1.5
511.23,415.19,1.5
511.07,415.41,1.5
510.91,415.63,1.5
510.75,415.84,1.5
510.59,416.06,1.5
510.43,416.28,1.5
510.27,416.49,1.5
510.11,416.71,1.5
509.95,416.93,1.5
509.79,417.14,1.5
509.63,417.36,1.5
509.47,417.57,1.5
509.3,417.79,1.5
509.14,418.01,1.5
508.98,418.22,1.5
508.81,418.44,1.5
508.64,418.66,1.5
508.48,418.88,1.5
508.31,419.1,1.5
508.13,419.32,1.5
507.96,419.54,1.5
507.79,419.76,1.5
507.61,419.98,1.5
507.43,420.2,1.5
507.25,420.43,1.5
507.07,420.65,1.5
506.89,420.86,1.5
506.71,421.08,1.5
506.53,421.3,1.5
506.35,421.51,1.5
506.16,421.72,1.5
505.98,421.93,1.5
505.8,422.14,1.5
505.62,422.35,1.5
505.45,422.56,1.5
505.27,422.75,1.5
505.09,422.94,1.5
504.91,423.13,1.5
504.74,423.32,1.5
504.57,423.5,1.5
504.4,423.69,1.5
504.23,423.88,1.5
504.07,424.07,1.5
503.91,424.27,1.5
503.74,424.46,1.5
503.58,424.66,1.5
503.42,424.86,1.5
503.26,425.06,1.5
503.09,425.27,1.5
502.93,425.48,1.5
502.76,425.69,1.5
502.59,425.91,1.5
502.42,426.12,1.5
502.26,426.33,1.5
502.09,426.54,1.5
501.93,426.76,1.5
501.76,426.97,1.5
501.59,427.18,1.5
501.43,427.39,1.5
501.26,427.61,1.5
501.1,427.82,1.5
500.93,428.03,1.5
500.77,428.25,1.5
500.6,428.46,1.5
500.43,428.67,1.5
500.27,428.89,1.5
500.1,429.1,1.5
499.94,429.31,1.5
499.77,429.52,1.5
499.61,429.74,1.5
499.44,429.95,1.5
499.27,430.16,1.5
499.11,430.37,1.5
498.94,430.58,1.5
498.77,430.79,1.5
498.61,431.01,1.5
498.44,431.22,1.5
498.28,431.43,1.5
498.11,431.64,1.5
497.94,431.85,1.5
497.78,432.06,1.5
497.61,432.28,1.5
497.44,432.49,1.5
497.27,432.7,1.5
497.11,432.91,1.5
496.94,433.12,1.5
496.77,433.33,1.5
496.61,433.54,1.5
496.44,433.75,1.5
496.27,433.96,1.5
496.1,434.17,1.5
495.94,434.39,1.5
495.77,434.6,1.5
495.6,434.81,1.5
495.43,435.02,1.5
495.27,435.23,1.5
495.1,435.44,1.5
494.93,435.65,1.5
494.76,435.86,1.5
494.59,436.07,1.5
494.43,436.28,1.5
494.26,436.49,1.5
494.09,436.7,1.5
493.92,436.91,1.5
493.75,437.12,1.5
493.59,437.33,1.5
493.42,437.54,1.5
493.25,437.75,1.5
493.08,437.96,1.5
492.91,438.17,1.5
492.74,438.38,1.5
492.57,438.59,1.5
492.41,438.8,1.5
492.24,439.01,1.5
492.07,439.22,1.5
491.9,439.43,1.5
491.73,439.64,1.5
491.56,439.85,1.5
491.39,440.06,1.5
491.23,440.27,1.5
491.06,440.48,1.5
490.89,440.69,1.5
490.72,440.9,1.5
490.55,441.11,1.5
490.38,441.32,1.5
490.21,441.53,1.5
490.04,441.74,1.5
489.87,441.95,1.5
489.71,442.16,1.5
489.54,442.37,1.5
489.37,442.58,1.5
489.2,442.79,1.5
489.03,443,1.5
488.86,443.21,1.5
488.69,443.42,1.5
488.52,443.63,1.5
488.35,443.84,1.5
488.18,444.05,1.5
488.01,444.26,1.5
487.85,444.47,1.5
487.68,444.68,1.5
487.51,444.89,1.5
487.34,445.1,1.5
487.17,445.3,1.5
487,445.51,1.5
486.83,445.72,1.5
486.66,445.93,1.5
486.49,446.14,1.5
486.32,446.35,1.5
486.15,446.56,1.5
485.98,446.77,1.5
485.81,446.98,1.5
485.64,447.19,1.5
485.47,447.4,1.5
485.31,447.61,1.5
485.14,447.82,1.5
484.97,448.03,1.5
484.8,448.24,1.5
484.63,448.44,1.5
484.46,448.65,1.5
484.29,448.86,1.5
484.12,449.07,1.5
483.95,449.28,1.5
483.78,449.49,1.5
483.61,449.7,1.5
483.44,449.91,1.5
483.27,450.12,1.5
483.1,450.33,1.5
482.93,450.54,1.5
482.76,450.75,1.5
482.59,450.96,1.5
482.42,451.16,1.5
482.25,451.37,1.5
482.08,451.58,1.5
481.92,451.79,1.5
481.75,452,1.5
481.58,452.21,1.5
481.41,452.42,1.5
481.24,452.63,1.5
481.07,452.84,1.5
480.9,453.05,1.5
480.73,453.26,1.5
480.56,453.47,1.5
480.39,453.68,1.5
480.22,453.88,1.5
480.05,454.09,1.5
479.88,454.3,1.5
479.71,454.51,1.5
479.54,454.72,1.5
479.37,454.93,1.5
479.2,455.14,1.5
479.03,455.35,1.5
478.86,455.56,1.5
478.69,455.77,1.5
478.52,455.98,1.5
478.36,456.19,1.5
478.19,456.4,1.5
478.02,456.61,1.5
477.85,456.81,1.5
477.68,457.02,1.5
477.51,457.23,1.5
477.34,457.44,1.5
477.17,457.65,1.5
477,457.86,1.5
476.83,458.07,1.5
476.66,458.28,1.5
476.49,458.49,1.5
476.32,458.7,1.5
476.15,458.91,1.5
475.98,459.12,1.5
475.81,459.33,1.5
475.65,459.54,1.5
475.48,459.75,1.5
475.31,459.96,1.5
475.14,460.17,1.5
474.97,460.37,1.5
474.8,460.58,1.5
474.63,460.79,1.5
474.46,461,1.5
474.29,461.21,1.5
474.12,461.42,1.5
473.95,461.63,1.5
473.79,461.84,1.5
473.62,462.05,1.5
473.45,462.26,1.5
473.28,462.47,1.5
473.11,462.68,1.5
472.94,462.89,1.5
472.77,463.1,1.5
472.6,463.31,1.5
472.43,463.52,1.5
472.27,463.73,1.5
472.1,463.94,1.5
471.93,464.15,1.5
471.76,464.36,1.5
471.59,464.57,1.5
471.42,464.78,1.5
471.25,464.99,1.5
471.08,465.2,1.5
470.92,465.41,1.5
470.75,465.62,1.5
470.58,465.83,1.5
470.41,466.04,1.5
470.24,466.25,1.5
470.07,466.46,1.5
469.9,466.67,1.5
469.74,466.88,1.5
469.57,467.09,1.5
469.4,467.3,1.5
469.23,467.51,1.5
469.06,467.72,1.5
468.9,467.93,1.5
468.73,468.14,1.5
468.56,468.35,1.5
468.39,468.56,1.5
468.22,468.77,1.5
468.05,468.98,1.5
467.89,469.19,1.5
467.72,469.4,1.5
467.55,469.61,1.5
467.38,469.83,1.5
467.22,470.04,1.5
467.05,470.25,1.5
466.88,470.46,1.5
466.71,470.67,1.5
466.55,470.88,1.5
466.38,471.09,1.5
466.21,471.3,1.5
466.04,471.51,1.5
465.88,471.72,1.5
465.71,471.93,1.5
465.54,472.14,1.5
465.37,472.36,1.5
465.21,472.57,1.5
465.04,472.78,1.5
464.87,472.99,1.5
464.7,473.2,1.5
464.54,473.41,1.5
464.37,473.62,1.5
464.2,473.83,1.5
464.04,474.05,1.5
463.87,474.26,1.5
463.7,474.47,1.5
463.54,474.68,1.5
463.37,474.89,1.5
463.21,475.1,1.5
463.04,475.32,1.5
462.87,475.53,1.5
462.71,475.74,1.5
462.54,475.95,1.5
462.37,476.16,1.5
462.21,476.38,1.5
462.04,476.59,1.5
461.88,476.8,1.5
461.71,477.01,1.5
461.54,477.22,1.5
461.38,477.44,1.5
461.21,477.65,1.5
461.05,477.86,1.5
460.88,478.07,1.5
460.72,478.29,1.5
460.55,478.5,1.5
460.39,478.71,1.5
460.22,478.93,1.5
460.06,479.14,1.5
459.89,479.35,1.5
459.73,479.56,1.5
459.56,479.78,1.5
459.4,479.99,1.5
459.24,480.2,1.5
459.07,480.42,1.5
458.91,480.63,1.5
458.74,480.84,1.5
458.58,481.06,1.5
458.42,481.27,1.5
458.25,481.49,1.5
458.09,481.7,1.5
457.93,481.91,1.5
457.76,482.13,1.5
457.6,482.34,1.5
457.44,482.56,1.5
457.27,482.77,1.5
457.11,482.99,1.5
456.95,483.2,1.5
456.78,483.41,1.5
456.62,483.63,1.5
456.46,483.84,1.5
456.29,484.06,1.5
456.13,484.27,1.5
455.97,484.49,1.5
455.81,484.7,1.5
455.64,484.91,1.5
455.48,485.13,1.5
455.32,485.34,1.5
455.15,485.56,1.5
454.99,485.77,1.5
454.83,485.99,1.5
454.67,486.2,1.5
454.5,486.42,1.5
454.34,486.63,1.5
454.18,486.85,1.5
454.02,487.06,1.5
453.86,487.28,1.5
453.69,487.49,1.5
453.53,487.71,1.5
453.37,487.92,1.5
453.21,488.14,1.5
453.05,488.35,1.5
452.88,488.57,1.5
452.72,488.78,1.5
452.56,489,1.5
452.4,489.22,1.5
452.24,489.43,1.5
452.08,489.65,1.5
451.92,489.86,1.5
451.76,490.08,1.5
451.6,490.3,1.5
451.44,490.51,1.5
451.28,490.73,1.5
451.12,490.95,1.5
450.96,491.16,1.5
450.8,491.38,1.5
450.64,491.6,1.5
450.49,491.82,1.5
450.33,492.04,1.5
450.17,492.26,1.5
450.02,492.48,1.5
449.86,492.7,1.5
449.71,492.92,1.5
449.55,493.14,1.5
449.4,493.36,1.5
449.25,493.58,1.5
449.09,493.8,1.5
448.94,494.02,1.5
448.79,494.25,1.5
448.64,494.47,1.5
448.49,494.69,1.5
448.34,494.92,1.5
448.19,495.14,1.5
448.05,495.37,1.5
447.9,495.59,1.5
447.75,495.82,1.5
447.61,496.05,1.5
447.46,496.27,1.5
447.32,496.5,1.5
447.18,496.73,1.5
447.04,496.96,1.5
446.9,497.19,1.5
446.76,497.42,1.5
446.62,497.65,1.5
446.49,497.89,1.5
446.35,498.12,1.5
446.22,498.36,1.5
446.09,498.59,1.5
445.97,498.83,1.5
445.84,499.07,1.5
445.77,499.21,1.5
445.72,499.45,1.5
445.77,499.68,1.5
445.88,499.9,1.5
446.01,500.12,1.5
446.17,500.34,1.5
446.33,500.55,1.5
446.5,500.75,1.5
446.68,500.95,1.5
446.87,501.14,1.5
447.07,501.32,1.5
447.27,501.5,1.5
447.48,501.67,1.5
447.69,501.84,1.5
447.9,502,1.5
448.11,502.16,1.5
448.33,502.32,1.5
448.55,502.48,1.5
448.76,502.64,1.5
448.98,502.8,1.5
449.2,502.96,1.5
449.42,503.11,1.5
449.64,503.26,1.5
449.86,503.42,1.5
450.09,503.57,1.5
450.31,503.72,1.5
450.53,503.87,1.5
450.75,504.02,1.5
450.98,504.17,1.5
451.2,504.32,1.5
451.42,504.47,1.5
451.65,504.62,1.5
451.87,504.77,1.5
452.1,504.92,1.5
452.32,505.07,1.5
452.55,505.21,1.5
452.77,505.36,1.5
453,505.51,1.5
453.23,505.66,1.5
453.45,505.8,1.5
453.68,505.95,1.5
453.91,506.09,1.5
454.13,506.24,1.5
454.36,506.38,1.5
454.59,506.53,1.5
454.81,506.67,1.5
455.04,506.82,1.5
455.27,506.96,1.5
455.5,507.11,1.5
455.72,507.25,1.5
455.95,507.39,1.5
456.18,507.54,1.5
456.41,507.68,1.5
456.63,507.82,1.5
456.86,507.97,1.5
457.09,508.11,1.5
457.32,508.25,1.5
457.55,508.39,1.5
457.78,508.54,1.5
458.01,508.68,1.5
458.23,508.82,1.5
458.46,508.96,1.5
458.69,509.1,1.5
458.92,509.24,1.5
459.15,509.39,1.5
459.38,509.53,1.5
459.61,509.67,1.5
459.84,509.81,1.5
460.07,509.95,1.5
460.3,510.09,1.5
460.53,510.23,1.5
460.76,510.37,1.5
460.99,510.51,1.5
461.22,510.65,1.5
461.45,510.79,1.5
461.68,510.93,1.5
461.91,511.07,1.5
462.14,511.21,1.5
462.37,511.35,1.5
462.6,511.49,1.5
462.83,511.63,1.5
463.06,511.77,1.5
463.29,511.91,1.5
463.52,512.05,1.5
463.75,512.19,1.5
463.98,512.33,1.5
464.21,512.47,1.5
464.44,512.61,1.5
464.67,512.75,1.5
464.9,512.89,1.5
465.13,513.03,1.5
465.36,513.16,1.5
465.59,513.3,1.5
465.82,513.44,1.5
466.06,513.58,1.5
466.29,513.72,1.5
466.52,513.86,1.5
466.75,514,1.5
466.98,514.13,1.5
467.21,514.27,1.5
467.44,514.41,1.5
467.67,514.55,1.5
467.9,514.69,1.5
468.13,514.83,1.5
468.37,514.96,1.5
468.6,515.1,1.5
468.83,515.24,1.5
469.06,515.38,1.5
469.29,515.52,1.5
469.52,515.65,1.5
469.75,515.79,1.5
469.99,515.93,1.5
470.22,516.07,1.5
470.45,516.2,1.5
470.68,516.34,1.5
470.91,516.48,1.5
471.14,516.62,1.5
471.37,516.76,1.5
471.61,516.89,1.5
471.84,517.03,1.5
472.07,517.17,1.5
472.3,517.3,1.5
472.53,517.44,1.5
472.76,517.58,1.5
473,517.72,1.5
473.23,517.85,1.5
473.46,517.99,1.5
473.69,518.13,1.5
473.92,518.27,1.5
474.15,518.4,1.5
474.39,518.54,1.5
474.62,518.68,1.5
474.85,518.81,1.5
475.08,518.95,1.5
475.31,519.09,1.5
475.54,519.22,1.5
475.78,519.36,1.5
476.01,519.5,1.5
476.24,519.64,1.5
476.47,519.77,1.5
476.7,519.91,1.5
476.94,520.05,1.5
477.17,520.18,1.5
477.4,520.32,1.5
477.63,520.46,1.5
477.86,520.59,1.5
478.1,520.73,1.5
478.33,520.87,1.5
478.56,521,1.5
478.79,521.14,1.5
479.03,521.28,1.5
479.26,521.41,1.5
479.49,521.55,1.5
479.72,521.68,1.5
479.95,521.82,1.5
480.19,521.96,1.5
480.42,522.09,1.5
480.65,522.23,1.5
480.88,522.37,1.5
481.11,522.5,1.5
481.35,522.64,1.5
481.58,522.78,1.5
481.81,522.91,1.5
482.04,523.05,1.5
482.28,523.18,1.5
482.51,523.32,1.5
482.74,523.46,1.5
482.97,523.59,1.5
483.21,523.73,1.5
483.44,523.87,1.5
483.67,524,1.5
483.9,524.14,1.5
484.13,524.27,1.5
484.37,524.41,1.5
484.6,524.55,1.5
484.83,524.68,1.5
485.06,524.82,1.5
485.3,524.95,1.5
485.53,525.09,1.5
485.76,525.23,1.5
485.99,525.36,1.5
486.23,525.5,1.5
486.46,525.63,1.5
486.69,525.77,1.5
486.92,525.91,1.5
487.16,526.04,1.5
487.39,526.18,1.5
487.62,526.31,1.5
487.85,526.45,1.5
488.09,526.59,1.5
488.32,526.72,1.5
488.55,526.86,1.5
488.78,526.99,1.5
489.02,527.13,1.5
489.25,527.27,1.5
489.48,527.4,1.5
489.71,527.54,1.5
489.95,527.67,1.5
490.18,527.81,1.5
490.41,527.94,1.5
490.64,528.08,1.5
490.88,528.22,1.5
491.11,528.35,1.5
491.34,528.49,1.5
491.57,528.62,1.5
491.81,528.76,1.5
492.04,528.89,1.5
492.27,529.03,1.5
492.5,529.17,1.5
492.74,529.3,1.5
492.97,529.44,1.5
493.2,529.57,1.5
493.43,529.71,1.5
493.67,529.84,1.5
493.9,529.98,1.5
494.13,530.12,1.5
494.37,530.25,1.5
494.6,530.39,1.5
494.83,530.52,1.5
495.06,530.66,1.5
495.3,530.79,1.5
495.53,530.93,1.5
495.76,531.06,1.5
495.99,531.2,1.5
496.23,531.34,1.5
496.46,531.47,1.5
496.69,531.61,1.5
496.92,531.74,1.5
497.16,531.88,1.5
497.39,532.01,1.5
497.62,532.15,1.5
497.85,532.29,1.5
498.09,532.42,1.5
498.32,532.56,1.5
498.55,532.69,1.5
498.78,532.83,1.5
499.02,532.97,1.5
499.25,533.1,1.5
499.48,533.24,1.5
499.71,533.37,1.5
499.95,533.51,1.5
500.18,533.64,1.5
500.41,533.78,1.5
500.64,533.92,1.5
500.88,534.05,1.5
501.11,534.19,1.5
501.34,534.32,1.5
501.57,534.46,1.5
501.81,534.6,1.5
502.04,534.73,1.5
502.27,534.87,1.5
502.5,535,1.5
502.74,535.14,1.5
502.97,535.28,1.5
503.2,535.41,1.5
503.43,535.55,1.5
503.67,535.68,1.5
503.9,535.82,1.5
504.13,535.96,1.5
504.36,536.09,1.5
504.6,536.23,1.5
504.83,536.36,1.5
505.06,536.5,1.5
505.29,536.64,1.5
505.53,536.77,1.5
505.76,536.91,1.5
505.99,537.04,1.5
506.22,537.18,1.5
506.45,537.32,1.5
506.69,537.45,1.5
506.92,537.59,1.5
507.15,537.73,1.5
507.38,537.86,1.5
507.62,538,1.5
507.85,538.13,1.5
508.08,538.27,1.5
508.31,538.41,1.5
508.55,538.54,1.5
508.78,538.68,1.5
509.01,538.81,1.5
509.24,538.95,1.5
509.48,539.08,1.5
509.71,539.22,1.5
509.94,539.36,1.5
510.17,539.49,1.5
510.41,539.63,1.5
510.64,539.76,1.5
510.87,539.9,1.5
511.1,540.04,1.5
511.34,540.17,1.5
511.57,540.31,1.5
511.8,540.44,1.5
512.03,540.58,1.5
512.27,540.72,1.5
512.5,540.85,1.5
512.73,540.99,1.5
512.96,541.13,1.5
513.2,541.26,1.5
513.43,541.4,1.5
513.66,541.53,1.5
513.89,541.67,1.5
514.12,541.81,1.5
514.36,541.94,1.5
514.59,542.08,1.5
514.82,542.21,1.5
515.05,542.35,1.5
515.29,542.49,1.5
515.52,542.62,1.5
515.75,542.76,1.5
515.98,542.9,1.5
516.21,543.03,1.5
516.45,543.17,1.5
516.68,543.31,1.5
516.91,543.44,1.5
517.14,543.58,1.5
517.37,543.72,1.5
517.61,543.85,1.5
517.84,543.99,1.5
518.07,544.13,1.5
518.3,544.27,1.5
518.53,544.4,1.5
518.76,544.54,1.5
519,544.68,1.5
519.23,544.81,1.5
519.46,544.95,1.5
519.69,545.09,1.5
519.92,545.23,1.5
520.15,545.37,1.5
520.38,545.5,1.5
520.62,545.64,1.5
520.85,545.78,1.5
521.08,545.92,1.5
521.31,546.06,1.5
521.54,546.19,1.5
521.77,546.33,1.5
522,546.47,1.5
522.23,546.61,1.5
522.46,546.75,1.5
522.7,546.89,1.5
522.93,547.03,1.5
523.16,547.16,1.5
523.39,547.3,1.5
523.62,547.44,1.5
523.85,547.58,1.5
524.08,547.72,1.5
524.31,547.86,1.5
524.54,548,1.5
524.77,548.14,1.5
525,548.28,1.5
525.23,548.42,1.5
525.46,548.56,1.5
525.69,548.7,1.5
525.92,548.84,1.5
526.15,548.98,1.5
526.38,549.12,1.5
526.61,549.26,1.5
526.84,549.41,1.5
527.07,549.55,1.5
527.29,549.69,1.5
527.52,549.83,1.5
527.75,549.97,1.5
527.98,550.12,1.5
528.21,550.26,1.5
528.44,550.4,1.5
528.67,550.54,1.5
528.89,550.69,1.5
529.12,550.83,1.5
529.35,550.97,1.5
529.58,551.12,1.5
529.8,551.26,1.5
530.03,551.41,1.5
530.26,551.55,1.5
530.49,551.7,1.5
530.71,551.84,1.5
530.94,551.99,1.5
531.16,552.14,1.5
531.39,552.28,1.5
531.61,552.43,1.5
531.84,552.58,1.5
532.07,552.72,1.5
532.28,552.88,1.5
532.5,553.04,1.5
532.71,553.21,1.5
532.92,553.38,1.5
533.13,553.55,1.5
533.33,553.72,1.5
533.54,553.9,1.5
533.74,554.07,1.5
533.94,554.25,1.5
534.14,554.44,1.5
534.33,554.63,1.5
534.51,554.83,1.5
534.68,555.04,1.5
534.83,555.25,1.5
534.98,555.48,1.5
535.11,555.71,1.5
535.23,555.95,1.5
535.35,556.19,1.5
535.46,556.44,1.5
535.57,556.68,1.5
535.68,556.93,1.5
535.79,557.18,1.5
535.9,557.42,1.5
536.01,557.67,1.5
536.12,557.91,1.5
536.23,558.16,1.5
536.34,558.41,1.5
536.45,558.65,1.5
536.55,558.9,1.5
536.66,559.15,1.5
536.77,559.39,1.5
536.88,559.64,1.5
537,559.88,1.5
537.12,560.12,1.5
537.25,560.36,1.5
537.38,560.59,1.5
537.53,560.82,1.5
537.67,561.05,1.5
537.81,561.27,1.5
537.96,561.5,1.5
538.1,561.73,1.5
538.25,561.96,1.5
538.39,562.18,1.5
538.53,562.41,1.5
538.68,562.64,1.5
538.82,562.87,1.5
538.96,563.09,1.5
539.11,563.32,1.5
539.25,563.55,1.5
539.39,563.78,1.5
539.53,564.01,1.5
539.66,564.24,1.5
539.74,564.39,1.5
539.82,564.63,1.5
539.83,564.88,1.5
539.79,565.14,1.5
539.74,565.39,1.5
539.67,565.65,1.5
539.59,565.91,1.5
539.51,566.16,1.5
539.42,566.42,1.5
539.33,566.67,1.5
539.23,566.92,1.5
539.12,567.16,1.5
539.01,567.41,1.5
538.9,567.65,1.5
538.78,567.89,1.5
538.66,568.13,1.5
538.54,568.37,1.5
538.41,568.61,1.5
538.29,568.85,1.5
538.16,569.09,1.5
538.04,569.33,1.5
537.91,569.56,1.5
537.78,569.8,1.5
537.65,570.04,1.5
537.52,570.27,1.5
537.39,570.51,1.5
537.25,570.74,1.5
537.12,570.98,1.5
536.99,571.21,1.5
536.86,571.44,1.5
536.72,571.68,1.5
536.59,571.91,1.5
536.45,572.14,1.5
536.32,572.38,1.5
536.18,572.61,1.5
536.05,572.84,1.5
535.91,573.08,1.5
535.78,573.31,1.5
535.64,573.54,1.5
535.5,573.77,1.5
535.37,574,1.5
535.23,574.24,1.5
535.09,574.47,1.5
534.95,574.7,1.5
534.82,574.93,1.5
