0
0.33
0.62
0.75
0.82
0.91
0.98
0.97
0.94
0.96
0.97
0.93
0.89
0.89
0.89
0.88
0.9
0.93
0.93
0.91
0.91
0.92
0.93
0.94
0.94
0.97
1
1
1
1.01
1.02
1.03
1.05
1.04
1.02
1.03
1.05
1.04
1.04
1.05
1.06
1.07
1.07
1.08
1.09
1.09
1.09
1.11
1.11
1.12
1.1
1.11
1.13
1.12
1.11
1.12
1.1
1.09
1.1
1.11
1.12
1.12
1.11
1.1
1.1
1.11
1.12
1.1
1.09
1.08
1.08
1.08
1.08
1.08
1.08
1.08
1.08
1.08
1.08
1.08
1.1
1.1
1.09
1.08
1.08
1.08
1.08
1.08
1.07
1.07
1.07
1.07
1.06
1.06
1.06
1.05
1.05
1.04
1.02
1.01
0.99
0.97
0.95
0.94
0.92
0.9
0.89
0.88
0.87
0.87
0.87
0.87
0.88
0.88
0.87
0.88
0.89
0.91
0.92
0.91
0.91
0.91
0.91
0.89
0.91
0.92
0.95
0.9
0.79
0.77
0.84
0.86
0.85
0.84
0.84
0.82
0.79
0.71
0.57
0.36
0.23
0.12
0.03
0.07
0.1
0.15
0.14
0.02
0.03
0.17
0.06
0.15
0.03
0.11
0.08
0.03
0.03
0.05
0.08
0.12
0.14
0.05
0.03
0.05
0.01
0.06
0.05
0.05
0.02
0.02
0.03
0.03
0.02
0.04
0.04
0.01
0.01
0.02
0.05
0.09
0.04
0.05
0.06
0.02
0.05
0.1
0.16
0.24
0.29
0.42
0.48
0.23
0.06
0.21
0.43
0.55
0.69
0.84
0.9
0.87
0.89
0.95
0.99
0.99
1.04
1.07
1.07
1.06
1.06
1.08
1.1
1.08
0.62
0.53
0.42
0.38
0.58
0.72
0.8
0.85
0.9
0.85
0.78
0.81
0.85
0.85
0.17
0.81
0.8
0.78
0.74
0.73
0.72
0.69
0.67
0.71
0.76
0.73
0.72
0.78
0.82
0.81
0.79
0.82
0.82
0.84
0.91
0.87
0.8
0.84
0.89
0.88
0.85
0.89
0.94
0.97
1.01
1.05
1.08
1.09
1.1
1.1
1.09
1.08
1.07
1.06
1.05
1.04
1.04
1.02
1.01
1.01
1.02
1.01
1
0.99
0.98
0.99
1
1.01
1.02
1.03
1.04
1.04
1.05
1.05
1.05
1.05
1.05
1.05
1.05
1.06
1.07
0.13
0.08
0.06
0.05
0.05
0.08
0.06
0.03
0.03
0.03
0.1
0.1
0.06
0.1
0.18
0.29
0.2
0.03
0.01
0.03
0.03
0
0.02
0.07
0.05
0.05
0.11
0.11
0.04
0.02
0.03
0.05
0.04
0.04
0.08
0.04
0.06
0.05
0.05
0.05
0.03
0.09
0.05
0.6
1.03
1.26
1.3
1.26
1.18
1.1
1.05
1.03
0.99
0.97
0.93
0.92
0.94
0.96
0.95
0.95
0.99
1.04
1.04
1.04
1.04
1.05
1.07
1.08
1.08
1.07
1.08
1.1
1.09
1.08
1.08
1.08
1.08
1.07
1.06
1.05
1.03
1.01
0.97
0.95
0.95
0.96
1
1.02
0.79
0.43
0.18
0.08
0.06
0.02
0.02
0.03
0.03
0.02
0.07
0.06
0.06
0.02
0.09
0.02
0.13
0.24
0.19
0.05
0.07
0.08
0.04
0.04
0.05
0.07
0.04
0.06
0.06
0.04
0.05
0.04
0.05
0.1
0.08
0.03
0.11
0.09
0.06
0.1
0.09
0.09
0.07
0.08
0.06
0.03
0.05
0.08
0.05
0.06
0.07
0.06
0.08
0.09
0.05
0.04
0.06
0.09
0.05
0.06
0.06
0.08
0.04
0.04
0.02
0.06
0.06
0.03
0.02
0.01
0.06
0.05
0.06
0.06
0.04
0.01
0.05
0.06
0.09
0.06
0.01
0.04
0.06
0.08
0.03
0.02
0.06
0.06
0.01
0.06
0.05
0.02
0.01
0.04
0.01
0.03
0.03
0.02
0.03
0.04
0.02
0.02
0.01
0.03
0.04
0.06
0.01
0.06
0.06
0.05
0.02
0.06
0.04
0.03
0.02
0.05
0.03
0.04
0.01
0.05
0.03
0.03
0.05
0.06
0.03
0.05
0.06
0.11
0.24
0.35
0.54
0.71
0.63
0.5
0.23
0.04
0.21
0.41
0.52
0.54
0.57
0.64
0.58
0.5
0.59
0.28
0.62
0.65
0.67
0.69
0.75
0.84
0.85
0.82
0.84
0.89
0.87
0.84
0.87
0.9
0.89
0.88
0.9
0.92
0.95
0.98
0.96
0.92
0.94
0.96
0.9
0.84
0.83
0.83
0.87
0.89
0.91
0.89
0.7
0.91
0.85
0.82
0.71
0.51
0.43
0.43
0.54
0.7
0.61
0.5
0.5
0.71
0.7
0.62
0.61
0.34
0.66
0.82
0.62
0.56
0.7
0.74
0.71
0.66
0.63
0.63
0.75
0.84
0.86
0.85
0.78
0.74
0.73
0.74
0.77
0.79
0.77
0.67
0.41
0.28
0.36
0.51
0.72
0.84
0.81
0.77
0.76
0.76
0.84
0.9
0.95
0.99
1.02
1.02
1.02
1.01
0.99
0.97
0.96
0.95
0.94
0.94
0.95
0.97
1
1.04
1.02
0.97
1.02
1.02
1
1
0.99
0.99
0.98
0.98
0.99
1.01
1
1.01
0.99
0.97
0.97
0.97
0.98
0.98
0.99
0.99
1
1
1
0.99
1
1
1.01
1.03
1.04
1.06
1.07
1.07
1.08
1.08
1.08
1.09
1.09
1.08
1.08
1.08
1.08
1.08
1.08
1.08
1.08
1.08
1.08
1.08
1.08
1.08
1.08
1.08
1.08
1.08
1.08
1.08
1.08
1.08
1.08
1.07
1.07
1.06
1.06
1.05
1.05
1.04
1.04
1.03
1.03
1.02
1.02
1.02
1.02
1.03
1.04
1.06
1.07
1.06
1.06
1.06
1.05
1.04
1.03
1.01
1
1.01
1.05
1.05
1.02
1
1.02
1.27
1.07
1.09
1.11
1.1
1.07
1.05
1.04
1.03
1.03
1.03
1.03
1.03
1.04
1.04
1.05
1.05
1.04
1.04
1.03
1.03
1.03
1.03
1.03
1.04
1.04
1.04
1.04
1.04
1.04
1.04
1.03
1.03
1.03
1.03
1.03
1.03
1.03
1.03
1.02
1.02
1.03
1.03
1.04
1.04
1.05
1.05
1.03
1.02
1.03
1.04
1.03
1.03
1.03
1.04
1.03
1.03
1.03
1.03
1.04
1.04
1.04
1.04
1.04
1.05
1.06
1.07
1.06
1.06
1.07
1.08
1.08
1.08
1.08
1.08
1.08
1.08
1.08
1.08
1.08
1.08
1.08
1.08
1.08
1.08
1.08
1.08
1.08
1.08
1.08
1.08
1.08
1.08
1.08
1.08
1.08
1.08
1.08
1.08
1.08
1.08
1.08
1.08
1.08
1.08
1.08
1.08
1.08
1.08
1.08
1.08
1.08
1.08
1.08
1.08
1.08
1.08
1.08
1.08
1.08
1.08
1.08
1.08
1.08
1.08
1.08
1.08
1.08
1.08
1.08
1.08
1.08
1.08
1.08
1.08
1.08
1.08
1.08
1.08
1.08
1.08
1.08
1.08
1.08
1.08
1.08
1.08
1.08
1.08
1.08
1.08
1.08
1.08
1.08
1.08
1.08
1.08
1.08
1.08
1.08
1.08
1.08
1.08
1.08
1.08
1.08
1.08
1.08
1.08
1.08
1.08
1.08
1.08
1.08
1.08
1.08
1.08
1.08
1.08
1.08
1.08
1.08
1.08
1.08
1.08
1.08
1.08
1.08
1.08
1.08
1.08
1.08
1.08
1.08
1.08
1.08
1.08
1.08
1.08
1.08
1.08
1.08
1.08
1.08
1.08
1.08
1.07
1.07
1.07
1.07
1.07
1.07
1.07
1.07
1.08
1.08
1.08
1.08
1.08
1.08
1.08
1.08
1.08
1.08
1.08
1.08
1.08
1.08
1.08
1.08
1.08
1.08
1.08
1.08
1.06
1.05
1.04
1.03
1.02
1.01
1.01
1
1
1
1
1.01
1
0.99
1
1.01
1.02
1.03
0.62
0.95
0.94
0.98
1.02
1.05
1.06
1.05
1.04
1.04
1.04
1.04
1.05
1.06
1.06
1.07
1.07
1.07
1.07
1.08
1.08
1.08
1.07
1.08
1.08
1.08
1.07
1.07
1.08
1.08
1.08
1.08
1.08
1.08
1.08
1.08
1.08
1.08
1.08
1.08
1.08
1.08
1.08
1.08
1.08
1.08
1.08
1.08
1.08
1.08
1.08
1.07
1.07
1.07
1.06
1.04
1.05
1.06
1.07
1.07
1.07
1.08
1.08
1.08
1.09
1.09
1.09
1.1
1.09
1.07
1.08
1.09
1.1
1.1
1.1
1.11
1.11
1.12
1.09
1.06
1.09
1.07
1.05
1.09
1.09
1.05
1.05
1.09
1.09
1.06
1.06
1.06
1.07
1.07
1.07
1.07
1.08
1.08
1.08
1.08
0.22
0.92
0.89
0.96
1.01
1.04
1.06
1.08
1.09
1.08
1.07
1.07
1.08
1.07
1.07
1.07
1.08
1.07
1.07
1.08
1.08
1.08
1.08
1.08
1.08
1.08
1.08
1.08
1.08
1.08
1.08
1.08
1.08
1.08
1.08
1.08
1.08
1.08
1.08
1.08
1.08
1.08
1.08
1.08
1.08
1.08
1.08
1.08
1.08
1.09
1.09
1.1
1.1
1.11
1.12
1.13
1.13
1.13
1.13
1.14
1.14
1.14
1.13
1.13
1.12
1.12
1.11
1.1
1.09
1.09
1.06
1.04
1.03
1.02
1.02
1.01
1.01
1.01
1.01
1.01
1.01
1.03
1.05
1.07
1.07
1.08
1.08
1.08
1.08
1.08
1.08
1.08
1.08
1.08
1.08
1.08
1.08
1.08
1.08
1.08
1.08
1.08
1.08
1.08
1.08
1.08
1.08
1.08
1.08
1.08
1.08
1.08
1.08
1.08
1.08
1.08
1.08
1.08
1.08
1.08
1.08
1.08
1.08
1.08
1.08
1.08
1.08
1.08
1.08
1.08
1.08
1.08
1.08
1.08
1.08
1.08
1.08
1.08
1.08
1.08
1.08
1.08
1.08
1.08
1.08
1.08
1.08
1.08
1.08
1.08
1.08
1.08
1.08
1.08
1.08
1.08
1.08
1.08
1.08
1.08
1.08
1.08
1.08
1.08
1.08
1.08
1.08
1.08
1.08
1.08
1.08
1.08
1.08
1.08
1.08
1.08
1.08
1.08
1.08
1.08
1.08
1.08
1.08
1.08
1.08
1.08
1.08
1.08
1.08
1.08
1.08
1.08
1.08
1.08
1.08
1.08
1.08
1.08
1.08
1.08
1.08
1.08
1.08
1.08
1.08
1.08
1.08
1.08
1.08
1.08
1.08
1.08
1.08
1.08
1.08
1.08
1.08
1.08
1.08
1.08
1.08
1.08
1.08
1.08
1.08
1.08
1.08
1.08
1.08
1.08
1.08
1.08
1.08
1.08
1.08
1.08
1.08
1.08
1.08
1.08
1.08
1.08
1.08
1.08
1.08
1.08
1.08
1.08
1.08
1.08
1.08
1.08
1.08
1.08
1.08
1.08
1.08
1.08
1.08
1.08
1.08
1.08
1.08
1.08
1.08
1.08
1.08
1.08
1.08
1.08
1.08
1.08
1.08
1.08
1.08
1.08
1.08
1.08
1.08
1.08
1.08
1.08
1.08
1.08
1.08
1.08
1.08
1.08
1.08
1.08
1.08
1.08
1.08
1.08
1.08
1.08
1.08
1.08
1.08
1.08
1.08
1.08
1.08
1.08
1.08
1.08
1.08
1.08
1.08
1.08
1.08
1.08
1.08
1.08
1.08
1.08
1.08
1.08
1.08
1.08
1.08
1.08
1.08
1.08
1.08
1.08
1.08
1.08
1.08
1.08
1.08
1.08
1.08
1.08
1.08
1.08
1.08
1.08
1.08
1.08
1.08
1.08
1.08
1.08
1.08
1.08
1.08
1.08
1.08
1.08
1.08
1.08
1.08
1.08
1.08
1.08
1.08
1.08
1.08
1.08
1.08
1.08
1.08
1.08
1.08
1.08
1.08
1.08
1.08
1.08
1.08
1.08
1.08
1.08
1.08
1.08
1.08
1.08
1.08
1.08
1.08
1.08
1.08
1.08
1.08
1.08
1.08
1.08
1.08
1.08
1.08
1.08
1.08
1.08
1.08
1.08
1.08
1.08
1.08
1.08
1.08
1.08
1.08
1.08
1.08
1.08
1.08
1.08
1.08
1.08
1.08
1.08
1.08
1.08
1.08
1.08
1.08
1.08
1.08
1.08
1.08
1.08
1.08
1.08
1.08
1.08
1.08
1.08
1.08
1.08
1.08
0.65
0.97
0.94
0.98
1.03
1.05
1.07
1.07
1.07
1.07
1.07
1.07
1.07
1.08
1.07
1.07
1.08
1.08
1.08
1.08
1.08
1.08
1.08
1.08
1.08
1.08
1.08
1.08
1.08
1.08
1.08
1.08
1.08
1.08
1.08
1.08
1.08
1.08
1.08
1.08
1.08
1.08
1.08
1.08
1.08
1.08
1.08
1.08
1.08
1.08
1.08
1.08
1.08
1.08
1.08
1.08
1.08
1.08
1.08
1.08
1.08
1.08
1.08
1.08
1.08
1.08
1.08
1.08
1.08
1.08
1.08
1.08
1.08
1.08
1.08
1.08
1.08
1.08
1.08
1.08
1.08
1.08
1.08
1.08
1.08
1.08
1.08
1.08
1.08
1.08
1.08
1.08
1.08
1.08
1.08
1.08
1.08
1.08
1.08
1.08
1.08
1.08
1.08
1.08
1.08
1.08
1.08
1.08
1.08
1.08
1.08
1.08
1.08
1.08
1.08
1.08
1.08
1.08
1.08
1.08
1.08
1.08
1.08
1.08
1.08
1.08
1.08
1.08
1.08
1.08
1.08
1.08
1.08
1.08
1.08
1.08
1.08
1.08
1.08
1.08
1.08
1.08
1.08
1.08
1.08
1.08
1.08
1.08
1.08
1.08
1.08
1.08
1.08
1.08
1.08
1.08
1.08
1.08
1.08
1.08
1.08
1.08
1.08
1.08
1.08
1.08
1.08
1.08
1.08
1.08
1.08
1.08
1.08
1.08
1.08
1.08
1.08
1.08
1.08
1.08
1.08
1.08
1.08
1.08
1.08
1.08
1.08
1.08
1.08
1.08
1.08
1.08
1.08
1.08
1.08
1.08
1.08
1.08
1.08
1.08
1.08
1.08
1.08
1.08
1.08
1.08
1.08
1.08
1.08
1.08
1.08
1.08
1.08
1.08
1.08
1.08
1.08
1.08
1.08
1.08
1.08
1.08
1.08
1.08
1.08
1.08
1.08
1.08
1.08
1.08
1.08
1.08
1.08
1.08
1.08
1.08
1.08
1.08
1.08
1.08
1.08
1.08
1.08
1.08
1.08
1.08
1.08
1.08
1.08
1.08
1.08
1.08
1.08
1.08
1.08
1.08
1.08
1.08
1.08
1.08
1.08
1.08
1.08
1.08
1.08
1.08
1.08
1.08
1.08
1.08
1.08
1.08
1.08
1.08
1.08
1.08
1.08
1.08
1.08
1.08
1.08
1.08
1.08
1.08
1.08
1.08
1.08
1.08
1.08
1.08
1.08
1.08
1.08
1.08
1.08
1.08
1.08
1.08
1.08
1.08
1.08
1.08
1.08
1.08
1.08
1.08
1.08
1.08
1.08
1.08
1.08
1.08
1.08
1.08
1.08
1.08
1.08
1.08
1.08
1.08
1.08
1.08
1.08
1.08
1.08
1.08
1.08
1.08
1.08
1.08
1.08
1.08
1.08
1.08
1.08
1.08
1.08
1.08
1.08
1.08
1.08
1.08
1.08
1.08
1.08
1.08
1.08
1.08
1.08
1.08
1.08
1.08
1.08
1.08
1.08
1.08
1.08
1.08
1.08
1.08
1.08
1.08
1.08
1.08
1.08
1.08
1.08
1.08
1.08
1.08
1.08
1.08
1.08
1.08
1.08
1.08
1.08
1.08
1.08
1.08
1.08
1.08
1.08
1.08
1.08
1.08
1.08
1.08
1.08
1.08
1.08
1.07
1.07
1.07
1.07
1.07
1.07
1.08
1.08
1.08
1.08
1.08
1.08
1.08
1.08
1.08
1.08
1.08
1.08
1.08
1.08
1.08
1.08
1.08
1.08
1.08
1.08
1.08
1.08
1.08
1.08
1.08
1.08
1.08
1.08
1.08
1.08
1.08
1.08
1.08
1.08
1.08
0.65
1.02
1.01
1.03
1.05
1.06
1.07
1.08
1.07
1.07
1.07
1.08
1.08
1.07
1.08
1.08
1.08
1.08
1.08
1.08
1.08
1.08
1.08
1.08
1.08
1.08
1.08
1.08
1.08
1.08
1.08
1.08
1.08
1.08
1.08
1.08
1.08
1.08
1.08
1.08
1.08
1.08
1.08
1.08
1.08
