0.94
0.97
0.98
0.98
0.98
0.95
0.94
0.93
0.94
0.97
1.01
1.01
1.01
1
0.98
0.94
0.9
0.9
0.91
0.92
0.94
0.95
0.96
0.97
0.97
0.99
1.01
1.03
1.04
1.05
1.06
1.06
1.06
1.05
1.04
1.04
1.04
1.04
1.04
1.04
1.04
1.04
1.04
1.04
1.04
1.04
1.04
1.04
1.04
1.04
1.04
1.04
1.04
1.04
1.04
1.04
1.04
1.04
1.04
1.04
1.04
1.04
1.04
1.04
1.04
1.04
1.04
1.04
1.04
1.04
1.04
1.04
1.04
1.04
1.04
1.04
1.04
1.04
1.04
1.04
1.04
1.04
1.04
1.04
1.04
1.04
1.04
1.04
1.04
1.04
1.04
1.04
1.04
1.04
1.04
1.04
1.04
1.04
1.04
1.04
1.04
1.04
1.04
1.04
1.04
1.04
1.04
1.04
1.04
1.04
1.04
1.04
1.04
1.04
1.04
1.04
1.04
1.04
1.04
1.04
1.04
1.04
1.04
1.04
1.04
1.04
1.04
1.04
1.04
1.04
1.04
1.04
1.04
1.04
1.04
1.04
1.04
1.04
1.04
1.04
1.04
1.04
1.04
1.04
1.04
1.04
1.04
1.04
1.04
1.04
1.04
1.04
1.03
1.02
1
0.98
0.96
0.96
0.96
0.96
0.97
0.97
0.58
0.9
0.87
0.9
0.92
0.93
0.94
0.93
0.93
0.92
0.92
0.93
0.94
0.92
0.91
0.9
0.9
0.91
0.91
0.92
0.93
0.91
0.89
0.89
0.88
0.89
0.9
0.9
0.89
0.9
0.92
0.89
0.87
0.91
0.94
0.91
0.88
0.88
0.87
0.84
0.81
0.8
0.78
0.75
0.73
0.77
0.8
0.82
0.84
0.87
0.9
0.94
0.97
0.96
0.94
0.92
0.9
0.89
0.88
0.88
0.89
0.92
0.94
0.93
0.92
0.92
0.93
0.95
0.97
0.98
0.98
0.96
0.94
0.92
0.9
0.9
0.9
0.91
0.92
0.91
0.9
0.91
0.92
0.93
0.94
0.93
0.93
0.92
0.92
0.91
0.91
0.93
0.94
0.95
0.96
0.95
0.94
0.96
0.98
0.98
0.98
0.97
0.97
0.98
0.98
0.97
0.96
0.96
0.97
0.99
1.01
1.02
1.02
1.02
1.02
1.03
1.05
1.06
1.05
1.05
1.05
1.04
1.04
1.04
1.04
1.04
1.04
1.04
1.04
1.04
1.04
1.04
1.04
1.04
1.04
1.04
1.04
1.04
1.04
1.04
1.04
1.04
1.04
1.04
1.04
1.04
1.04
1.04
1.04
1.04
1.04
1.04
1.04
1.04
1.04
1.04
1.04
1.04
1.04
1.04
1.04
1.04
1.04
1.04
1.04
1.04
1.04
1.04
1.04
1.04
1.04
1.04
1.04
1.04
1.04
1.04
1.04
1.04
1.04
1.04
1.04
1.04
1.04
1.04
1.04
1.04
1.04
1.04
1.04
1.04
1.04
1.04
1.04
1.04
1.04
1.04
1.04
1.04
1.04
1.04
1.03
1.03
1.03
1.03
1.03
1.03
1.03
1.03
1.03
1.03
1.03
1.03
1.04
1.04
1.04
1.04
1.04
1.04
1.04
1.04
1.04
1.04
1.04
1.04
1.04
1.04
1.04
1.04
1.04
1.04
1.04
1.04
1.04
1.04
1.04
1.04
1.04
1.04
1.04
1.04
1.04
1.04
1.04
1.04
1.04
1.04
1.04
1.03
1.03
1.03
1.03
1.03
1.03
1.03
1.03
1.03
1.03
1.03
1.03
1.03
1.03
1.03
1.03
1.03
1.03
1.03
1.03
1.03
1.03
1.03
1.03
1.03
1.03
1.03
1.03
1.03
1.03
1.03
1.03
1.03
1.03
1.03
1.03
1.03
1.03
1.03
1.03
1.03
1.03
1.03
1.03
1.02
1.02
1.02
1.02
1.02
1.02
1.02
1.02
1.02
1.02
1.02
1.02
1.02
1.02
1.02
1.02
1.02
1.01
1.02
1.02
1.02
1.01
1.01
1.01
1.01
1.01
1.01
1.01
1
1
1
1
1.01
1.01
1
1
1
0.99
0.98
0.98
0.98
0.98
0.99
1
1
0.99
0.99
0.99
0.98
0.98
0.99
0.99
1
1
1
1.01
1
0.99
0.99
0.99
0.99
0.98
0.98
0.99
0.98
0.97
0.96
0.95
0.95
0.94
0.93
0.92
0.92
0.92
0.92
0.92
0.92
0.92
0.9
0.88
0.87
0.87
0.86
0.85
0.8
0.77
0.77
0.78
0.78
0.77
0.73
0.7
0.7
0.69
0.67
0.66
0.69
0.71
0.66
0.62
0.68
0.73
0.77
0.8
0.79
0.78
0.82
0.87
0.86
0.84
0.79
0.73
0.73
0.77
0.73
0.75
0.74
0.72
0.64
0.59
0.66
0.73
0.8
0.84
0.81
0.76
0.74
0.76
0.82
0.85
0.89
0.91
0.86
0.84
0.91
0.98
0.96
0.91
0.88
0.87
0.89
0.91
0.93
0.92
0.91
0.89
0.87
0.87
0.9
0.93
0.97
1.02
0.97
0.93
0.97
0.96
0.93
0.9
0.81
0.71
0.42
0.55
0.6
0.74
0.84
0.9
0.89
0.87
0.86
0.85
0.85
0.85
0.87
0.88
0.88
0.88
0.86
0.85
0.87
0.88
0.85
0.82
0.81
0.8
0.77
0.73
0.7
0.71
0.73
0.75
0.76
0.76
0.79
0.8
0.81
0.82
0.75
0.7
0.69
0.69
0.74
0.78
0.8
0.82
0.82
0.82
0.82
0.87
0.86
0.84
0.82
0.81
0.79
0.76
0.8
0.87
0.9
0.93
0.93
0.91
0.84
0.78
0.8
0.84
0.87
0.89
0.9
0.88
0.84
0.83
0.8
0.77
0.77
0.79
0.79
0.79
0.79
0.78
0.84
0.91
0.91
0.9
0.91
0.92
0.9
0.89
0.93
0.97
0.97
0.96
0.96
0.96
0.94
0.93
0.94
0.95
0.95
0.97
1
0.76
0.88
1.02
1.01
1
1.02
1.06
1.06
0.98
1.06
1.14
1.14
1.11
1.11
1.09
1.07
1.06
1.07
1.08
1.08
1.05
1.02
0.98
0.98
0.99
0.99
0.98
0.97
0.96
0.95
0.94
0.92
0.91
0.93
0.94
0.93
0.92
0.93
0.92
0.9
0.86
0.84
0.81
0.8
0.79
0.78
0.78
0.74
0.7
0.73
0.76
0.8
0.83
0.8
0.79
0.84
0.88
0.88
0.85
0.79
0.75
0.69
0.66
0.67
0.69
0.68
0.67
0.69
0.76
0.75
0.72
0.75
0.79
0.83
0.85
0.82
0.78
0.77
0.8
0.81
0.82
0.82
0.81
0.84
0.86
0.86
0.84
0.85
0.87
0.87
0.88
0.88
0.88
0.88
0.7
0.69
0.73
0.77
0.8
0.88
0.95
0.96
0.96
0.94
0.93
0.88
0.85
0.87
0.89
0.9
0.9
0.94
0.98
0.99
1
1
0.99
1.03
1.06
0.96
0.97
1.02
1
0.99
0.99
0.98
0.98
0.99
1
1
1.01
0.98
0.85
0.92
0.92
0.91
0.91
0.92
0.93
0.96
0.99
1.02
1.25
1.02
0.98
0.97
0.93
0.8
0.95
0.82
0.71
0.93
0.91
1.09
1.12
0.93
1
1.13
1.16
1.16
0.98
0.3
0.58
0.78
0.93
1.02
1.05
1.12
1.12
1.07
1.1
1.11
1.08
1.06
1.05
1.05
1.04
1.05
1.07
1.08
1.09
1.08
1.07
1.05
1.02
0.99
0.98
0.97
0.99
1.01
1.02
1
0.98
0.96
0.95
0.95
0.95
0.95
0.96
0.95
0.94
0.94
0.95
0.97
0.98
0.98
0.98
0.99
1
0.99
0.96
0.95
0.94
0.93
0.92
0.92
0.92
0.95
0.96
0.94
0.91
0.89
0.88
0.87
0.87
0.91
0.93
0.93
0.92
0.91
0.89
0.87
0.86
0.88
0.9
0.89
0.89
0.9
0.91
0.9
0.89
0.88
0.87
0.87
0.86
0.85
0.85
0.87
0.89
0.85
0.83
0.84
0.86
0.89
0.91
0.88
0.87
0.88
0.9
0.93
0.95
0.96
0.97
0.96
0.95
0.92
0.9
0.9
0.9
0.9
0.9
0.9
0.91
0.92
0.93
0.93
0.92
0.98
1.02
1
0.96
0.94
0.95
0.94
0.94
0.95
0.98
1
1.01
1.01
1.02
1.03
1.06
1.06
1.09
1.08
1.09
1.11
1.01
0.87
0.76
0.69
0.64
0.62
0.62
0.68
0.72
0.74
0.76
0.65
0.64
0.69
0.74
0.85
0.89
0.86
0.83
0.78
0.74
0.74
0.76
0.74
0.75
0.79
0.85
0.92
0.96
0.19
0.98
0.99
1
1.01
1.01
1.02
1.01
1
1
1
0.99
0.98
0.97
0.96
0.94
0.93
0.92
0.92
0.92
0.91
0.9
0.9
0.9
0.91
0.92
0.92
0.92
0.93
0.94
0.92
0.9
0.93
0.95
0.93
0.91
0.91
0.9
0.88
0.86
0.85
0.85
0.83
0.81
0.83
0.84
0.85
0.86
0.88
0.89
0.91
0.91
0.89
0.88
0.84
0.8
0.77
0.76
0.76
0.77
0.82
0.85
0.82
0.8
0.8
0.82
0.87
0.92
0.88
0.85
0.84
0.82
0.78
0.76
0.79
0.81
0.83
0.82
0.82
0.8
0.86
0.91
0.95
0.97
0.94
0.75
0.46
0.17
0.3
0.42
0.57
0.74
0.83
0.83
0.77
0.76
0.84
0.91
0.9
0.9
0.88
0.87
0.92
0.97
0.95
0.93
0.93
0.95
1
1.04
1.04
1.03
1.03
1.03
1.06
1.08
1.07
1.05
1.05
1.03
1.04
1.05
0.98
0.85
0.73
0.59
0.32
0.06
0.03
0.04
0.17
0.24
0.07
0.04
0.07
0.02
0.02
0.01
0.03
0.04
0.11
0.09
0.04
0.07
0.11
0.09
0.22
0.23
0.06
0.15
0.12
0.07
0.09
0.05
0.11
0.14
0.01
0.04
0.05
0.06
0.16
0.24
0.11
0.08
0.17
0.28
0.1
0.01
0.22
0.36
0.57
0.68
0.15
0.08
0.04
0.03
0.04
0.03
0.02
0.02
0.03
0.02
0.06
0.02
0.02
0.02
0.04
0.01
0.04
0.03
0.03
0.05
0.05
0.06
0.01
0.03
0.02
0.02
0.04
0.04
0.03
0.01
0.03
0.02
0.04
0.02
0.09
0.01
0.02
0.03
0.05
0.02
0.01
0.02
0.02
0.01
0.06
0.04
0.05
0.06
0.05
0.02
0.03
0.03
0.07
0.03
0.02
0.03
0.05
0.04
0.04
0
0.06
0.01
0.03
0.05
0.06
0.04
0.02
0.04
0.04
0.05
0.37
0.67
0.68
0.63
0.25
0.21
0.35
0.35
0.43
0.49
0.62
0.7
0.62
0.53
0.58
0.66
0.61
0.57
0.65
0.28
0.76
0.85
0.91
0.89
0.87
0.95
0.94
0.91
0.91
0.9
0.91
0.92
0.9
0.84
0.79
0.77
0.75
0.64
0.59
0.67
0.76
0.78
0.81
0.89
0.95
0.99
0.91
0.97
0.95
0.94
0.95
0.93
0.91
0.92
0.89
0.83
0.82
0.82
0.8
0.8
0.8
0.81
0.79
0.78
0.8
0.81
0.82
0.81
0.86
0.9
0.88
0.85
0.77
0.67
0.58
0.6
0.63
0.67
0.72
0.75
0.84
0.9
0.86
0.84
0.87
0.9
0.95
0.98
0.97
0.96
0.94
0.94
0.87
0.65
0.3
0.31
0.42
0.65
0.77
0.83
0.98
1.08
1.1
1.02
0.59
0.72
0.78
0.86
0.91
0.95
1.02
1.06
1.06
1.06
1.04
1.04
1.06
1.06
0.77
0.48
0.63
0.76
0.89
0.96
0.96
0.96
0.97
0.99
1.03
1.06
1.05
1.04
1.02
1.02
1.03
1.04
1.05
1.05
1.05
1.05
1.04
1.04
1.04
1.03
1.06
1.06
1.05
1.05
1.04
1.04
1.05
1.08
1.09
1.08
1.07
1.06
1.05
1.04
1.04
1.05
1.05
1.05
1.05
1.05
1.06
1.09
1.09
1.08
1.06
1.05
1.04
1.04
1.04
1.04
1.05
1.06
0.77
0.26
0.45
0.71
0.92
1.04
1.05
1.05
1.07
1.08
1.05
1.03
1.04
1.05
1.05
1.06
1.04
1.03
1.03
1.04
1.04
1.05
1.04
1.04
1.04
1.06
1.07
1.07
1.06
1.06
1.06
1.02
0.86
1
1.06
1.06
1.05
